2016-03-27-12-30-38pm,1459053038978,1459053038915,2016-03-27-12-30-38pm,network,1.3780324,103.9332009,47.661,-1.0,-1.0,-1.0
2016-03-27-12-30-59pm,1459053059309,1459053059149,2016-03-27-12-30-59pm,network,1.3780594,103.9332302,59.72,-1.0,-1.0,-1.0
2016-03-27-12-31-19pm,1459053079567,1459053079154,2016-03-27-12-31-19pm,network,1.3780585,103.9332347,59.875,-1.0,-1.0,-1.0
2016-03-27-12-31-39pm,1459053099247,1459053099191,2016-03-27-12-31-39pm,network,1.3780631,103.9332393,59.534,-1.0,-1.0,-1.0
2016-03-27-12-31-59pm,1459053119281,1459053119237,2016-03-27-12-31-59pm,network,1.3780518,103.9331839,59.834,-1.0,-1.0,-1.0
2016-03-27-12-32-19pm,1459053139359,1459053139297,2016-03-27-12-32-19pm,network,1.3780806,103.9331816,44.9,-1.0,-1.0,-1.0
2016-03-27-12-32-39pm,1459053159308,1459053159236,2016-03-27-12-32-39pm,network,1.378058,103.9331921,46.08,-1.0,-1.0,-1.0
2016-03-27-12-32-59pm,1459053179526,1459053179347,2016-03-27-12-32-59pm,network,1.3780105,103.9332005,49.755,-1.0,-1.0,-1.0
2016-03-27-12-33-19pm,1459053199424,1459053199336,2016-03-27-12-33-19pm,network,1.3779967,103.9332028,50.447,-1.0,-1.0,-1.0
2016-03-27-12-33-39pm,1459053219498,1459053219456,2016-03-27-12-33-39pm,network,1.3780032,103.933208,49.688,-1.0,-1.0,-1.0
2016-03-27-12-33-59pm,1459053239520,1459053239475,2016-03-27-12-33-59pm,network,1.3780179,103.9331891,50.851,-1.0,-1.0,-1.0
2016-03-27-12-34-19pm,1459053259488,1459053259432,2016-03-27-12-34-19pm,network,1.3780315,103.9331703,52.686,-1.0,-1.0,-1.0
2016-03-27-12-34-39pm,1459053279582,1459053279535,2016-03-27-12-34-39pm,network,1.3780315,103.9331703,52.686,-1.0,-1.0,-1.0
2016-03-27-12-34-59pm,1459053299509,1459053299468,2016-03-27-12-34-59pm,network,1.3780227,103.9331929,50.533,-1.0,-1.0,-1.0
2016-03-27-12-35-19pm,1459053319622,1459053319549,2016-03-27-12-35-19pm,network,1.378025,103.9331775,51.971,-1.0,-1.0,-1.0
2016-03-27-12-35-39pm,1459053339577,1459053339520,2016-03-27-12-35-39pm,network,1.3780301,103.9331744,52.297,-1.0,-1.0,-1.0
2016-03-27-12-36-00pm,1459053360988,1459053360946,2016-03-27-12-36-00pm,network,1.3780607,103.9331715,58.909,-1.0,-1.0,-1.0
2016-03-27-12-36-21pm,1459053381033,1459053380987,2016-03-27-12-36-20pm,network,1.3780832,103.9331981,57.095,-1.0,-1.0,-1.0
2016-03-27-12-36-41pm,1459053401001,1459053400960,2016-03-27-12-36-40pm,network,1.3780802,103.9331959,57.345,-1.0,-1.0,-1.0
2016-03-27-12-37-01pm,1459053421224,1459053421167,2016-03-27-12-37-01pm,network,1.3780807,103.9331955,57.294,-1.0,-1.0,-1.0
2016-03-27-12-37-21pm,1459053441236,1459053441199,2016-03-27-12-37-21pm,network,1.3780737,103.9332255,48.145,-1.0,-1.0,-1.0
2016-03-27-12-37-41pm,1459053461355,1459053461308,2016-03-27-12-37-41pm,network,1.3780655,103.9332189,48.618,-1.0,-1.0,-1.0
2016-03-27-12-38-01pm,1459053481413,1459053481347,2016-03-27-12-38-01pm,network,1.3780554,103.9332309,47.375,-1.0,-1.0,-1.0
2016-03-27-12-38-21pm,1459053501341,1459053501273,2016-03-27-12-38-21pm,network,1.3780577,103.9332557,45.139,-1.0,-1.0,-1.0
2016-03-27-12-38-41pm,1459053521404,1459053521313,2016-03-27-12-38-41pm,network,1.3780667,103.9332469,46.081,-1.0,-1.0,-1.0
2016-03-27-12-39-01pm,1459053541564,1459053541527,2016-03-27-12-39-01pm,network,1.3780587,103.9332568,45.053,-1.0,-1.0,-1.0
2016-03-27-12-39-21pm,1459053561506,1459053561443,2016-03-27-12-39-21pm,network,1.3780771,103.933249,46.067,-1.0,-1.0,-1.0
2016-03-27-12-39-41pm,1459053581598,1459053581551,2016-03-27-12-39-41pm,network,1.378041,103.933241,46.27,-1.0,-1.0,-1.0
2016-03-27-12-40-01pm,1459053601744,1459053601658,2016-03-27-12-40-01pm,network,1.3780317,103.9332321,46.993,-1.0,-1.0,-1.0
2016-03-27-12-40-21pm,1459053621705,1459053621658,2016-03-27-12-40-21pm,network,1.3780247,103.9332047,49.459,-1.0,-1.0,-1.0
2016-03-27-12-40-41pm,1459053641807,1459053641756,2016-03-27-12-40-41pm,network,1.3780228,103.9331942,50.414,-1.0,-1.0,-1.0
2016-03-27-12-41-01pm,1459053661738,1459053661672,2016-03-27-12-41-01pm,network,1.3780238,103.9331749,49.604,-1.0,-1.0,-1.0
2016-03-27-12-41-21pm,1459053681930,1459053681880,2016-03-27-12-41-21pm,network,1.3780135,103.9331831,51.379,-1.0,-1.0,-1.0
2016-03-27-12-41-41pm,1459053701905,1459053701840,2016-03-27-12-41-41pm,network,1.3780603,103.9331989,59.208,-1.0,-1.0,-1.0
2016-03-27-12-41-53pm,1459053713122,1459053713000,2016-03-27-12-41-53pm,gps,1.3780453,103.93322399,99.0,-58.5,-1.0,0.0
2016-03-27-12-42-01pm,1459053721964,1459053721915,2016-03-27-12-42-01pm,network,1.3780746,103.9332014,57.924,-1.0,-1.0,-1.0
2016-03-27-12-42-21pm,1459053741998,1459053741945,2016-03-27-12-42-21pm,network,1.3780781,103.9332003,57.59,-1.0,-1.0,-1.0
2016-03-27-12-42-41pm,1459053761961,1459053761914,2016-03-27-12-42-41pm,network,1.3780977,103.9332377,56.36,-1.0,-1.0,-1.0
2016-03-27-12-43-02pm,1459053782175,1459053782114,2016-03-27-12-43-02pm,network,1.3780791,103.9332164,49.065,-1.0,-1.0,-1.0
2016-03-27-12-43-22pm,1459053802174,1459053802126,2016-03-27-12-43-22pm,network,1.3780776,103.9332165,49.03,-1.0,-1.0,-1.0
2016-03-27-12-43-42pm,1459053822430,1459053822225,2016-03-27-12-43-42pm,network,1.3780831,103.9332143,49.326,-1.0,-1.0,-1.0
2016-03-27-12-43-54pm,1459053834148,1459053834000,2016-03-27-12-43-54pm,gps,1.37806753,103.93322743,69.0,-72.5,-1.0,0.0
2016-03-27-12-44-02pm,1459053842379,1459053842329,2016-03-27-12-44-02pm,network,1.3780557,103.9331965,50.532,-1.0,-1.0,-1.0
2016-03-27-12-44-22pm,1459053862451,1459053862396,2016-03-27-12-44-22pm,network,1.3780472,103.9331711,52.763,-1.0,-1.0,-1.0
2016-03-27-12-44-33pm,1459053873133,1459053873000,2016-03-27-12-44-33pm,gps,1.37806871,103.93322814,81.0,-67.5999984741211,-1.0,0.0
2016-03-27-12-44-42pm,1459053882405,1459053882347,2016-03-27-12-44-42pm,network,1.3780497,103.9331729,52.626,-1.0,-1.0,-1.0
2016-03-27-12-44-53pm,1459053893127,1459053893000,2016-03-27-12-44-53pm,gps,1.37806832,103.93322763,52.0,-72.30000305175781,-1.0,0.0
2016-03-27-12-45-02pm,1459053902496,1459053902439,2016-03-27-12-45-02pm,network,1.3780632,103.9331663,58.641,-1.0,-1.0,-1.0
2016-03-27-12-45-22pm,1459053922506,1459053922455,2016-03-27-12-45-22pm,network,1.3780746,103.9331784,57.683,-1.0,-1.0,-1.0
2016-03-27-12-45-42pm,1459053942469,1459053942402,2016-03-27-12-45-42pm,network,1.3780799,103.9331977,57.393,-1.0,-1.0,-1.0
2016-03-27-12-46-02pm,1459053962695,1459053962651,2016-03-27-12-46-02pm,network,1.3780877,103.933206,56.78,-1.0,-1.0,-1.0
2016-03-27-12-46-22pm,1459053982611,1459053982548,2016-03-27-12-46-22pm,network,1.3780866,103.933211,56.948,-1.0,-1.0,-1.0
2016-03-27-12-46-42pm,1459054002653,1459054002595,2016-03-27-12-46-42pm,network,1.3780944,103.9332196,56.36,-1.0,-1.0,-1.0
2016-03-27-12-47-02pm,1459054022848,1459054022802,2016-03-27-12-47-02pm,network,1.3780672,103.9332187,58.833,-1.0,-1.0,-1.0
2016-03-27-12-47-12pm,1459054032143,1459054032000,2016-03-27-12-47-12pm,gps,1.37808464,103.93324738,66.0,-39.29999923706055,-1.0,0.0
2016-03-27-12-47-22pm,1459054042962,1459054042920,2016-03-27-12-47-22pm,network,1.3780701,103.9332056,58.389,-1.0,-1.0,-1.0
2016-03-27-12-47-42pm,1459054062890,1459054062824,2016-03-27-12-47-42pm,network,1.378068,103.9332045,58.568,-1.0,-1.0,-1.0
2016-03-27-12-48-03pm,1459054083143,1459054083077,2016-03-27-12-48-03pm,network,1.3780735,103.9332356,58.524,-1.0,-1.0,-1.0
2016-03-27-12-48-23pm,1459054103187,1459054103150,2016-03-27-12-48-23pm,network,1.3780772,103.9332445,58.345,-1.0,-1.0,-1.0
2016-03-27-12-48-43pm,1459054123250,1459054123205,2016-03-27-12-48-43pm,network,1.3780731,103.9332249,58.387,-1.0,-1.0,-1.0
2016-03-27-12-49-03pm,1459054143290,1459054143253,2016-03-27-12-49-03pm,network,1.3780475,103.9331766,60.167,-1.0,-1.0,-1.0
2016-03-27-12-49-23pm,1459054163235,1459054163171,2016-03-27-12-49-23pm,network,1.3780229,103.933181,51.633,-1.0,-1.0,-1.0
2016-03-27-12-49-43pm,1459054183327,1459054183276,2016-03-27-12-49-43pm,network,1.3780206,103.9331769,51.996,-1.0,-1.0,-1.0
2016-03-27-12-50-03pm,1459054203331,1459054203293,2016-03-27-12-50-03pm,network,1.3780193,103.9331798,51.719,-1.0,-1.0,-1.0
2016-03-27-12-50-23pm,1459054223383,1459054223343,2016-03-27-12-50-23pm,network,1.3780152,103.9331803,51.648,-1.0,-1.0,-1.0
2016-03-27-12-50-44pm,1459054244133,1459054244097,2016-03-27-12-50-44pm,network,1.3780299,103.9331775,52.009,-1.0,-1.0,-1.0
2016-03-27-12-51-04pm,1459054264152,1459054264097,2016-03-27-12-51-04pm,network,1.378031,103.9331686,52.839,-1.0,-1.0,-1.0
2016-03-27-12-51-24pm,1459054284195,1459054284132,2016-03-27-12-51-24pm,network,1.3780275,103.9331366,51.326,-1.0,-1.0,-1.0
2016-03-27-12-51-44pm,1459054304196,1459054304145,2016-03-27-12-51-44pm,network,1.3780494,103.9331794,52.025,-1.0,-1.0,-1.0
2016-03-27-12-52-04pm,1459054324358,1459054324139,2016-03-27-12-52-04pm,network,1.3780471,103.9331865,51.347,-1.0,-1.0,-1.0
2016-03-27-12-52-24pm,1459054344199,1459054344157,2016-03-27-12-52-24pm,network,1.3780471,103.9331865,51.347,-1.0,-1.0,-1.0
2016-03-27-12-52-44pm,1459054364219,1459054364000,2016-03-27-12-52-44pm,gps,1.37806967,103.93322914,113.0,-54.29999923706055,-1.0,0.0
2016-03-27-12-53-04pm,1459054384510,1459054384462,2016-03-27-12-53-04pm,network,1.3780609,103.933244,51.078,-1.0,-1.0,-1.0
2016-03-27-12-53-24pm,1459054404564,1459054404506,2016-03-27-12-53-24pm,network,1.3780592,103.9332409,51.303,-1.0,-1.0,-1.0
2016-03-27-12-53-44pm,1459054424501,1459054424436,2016-03-27-12-53-44pm,network,1.3780581,103.9332368,51.634,-1.0,-1.0,-1.0
2016-03-27-12-54-04pm,1459054444644,1459054444592,2016-03-27-12-54-04pm,network,1.3780633,103.9332582,49.898,-1.0,-1.0,-1.0
2016-03-27-12-54-24pm,1459054464647,1459054464572,2016-03-27-12-54-24pm,network,1.3780441,103.9332125,48.924,-1.0,-1.0,-1.0
2016-03-27-12-54-44pm,1459054484633,1459054484555,2016-03-27-12-54-44pm,network,1.3780435,103.9332031,49.781,-1.0,-1.0,-1.0
2016-03-27-12-55-04pm,1459054504809,1459054504748,2016-03-27-12-55-04pm,network,1.3780551,103.9332227,48.122,-1.0,-1.0,-1.0
2016-03-27-12-55-24pm,1459054524768,1459054524692,2016-03-27-12-55-24pm,network,1.3780669,103.9332159,48.913,-1.0,-1.0,-1.0
2016-03-27-12-55-44pm,1459054544895,1459054544844,2016-03-27-12-55-44pm,network,1.3782343,103.9335311,42.0,-1.0,-1.0,-1.0
2016-03-27-12-56-04pm,1459054564846,1459054564721,2016-03-27-12-56-04pm,network,1.3783927,103.9334671,50.06,-1.0,-1.0,-1.0
2016-03-27-12-56-24pm,1459054584865,1459054584813,2016-03-27-12-56-24pm,network,1.3783973,103.9334681,50.284,-1.0,-1.0,-1.0
2016-03-27-12-56-44pm,1459054604905,1459054604854,2016-03-27-12-56-44pm,network,1.3784062,103.9334393,52.803,-1.0,-1.0,-1.0
2016-03-27-12-57-05pm,1459054625855,1459054625828,2016-03-27-12-57-05pm,network,1.3780838,103.9332407,57.677,-1.0,-1.0,-1.0
2016-03-27-12-57-25pm,1459054645892,1459054645815,2016-03-27-12-57-25pm,network,1.3780843,103.9332413,57.642,-1.0,-1.0,-1.0
2016-03-27-12-57-45pm,1459054665868,1459054665822,2016-03-27-12-57-45pm,network,1.3780762,103.9332427,58.403,-1.0,-1.0,-1.0
2016-03-27-12-58-06pm,1459054686423,1459054686388,2016-03-27-12-58-06pm,network,1.3780474,103.9332408,60.988,-1.0,-1.0,-1.0
2016-03-27-12-58-26pm,1459054706492,1459054706429,2016-03-27-12-58-26pm,network,1.3780469,103.933191,60.355,-1.0,-1.0,-1.0
2016-03-27-12-58-46pm,1459054726567,1459054726519,2016-03-27-12-58-46pm,network,1.3780536,103.9331947,59.777,-1.0,-1.0,-1.0
2016-03-27-12-59-06pm,1459054746512,1459054746448,2016-03-27-12-59-06pm,network,1.378062,103.9332029,59.099,-1.0,-1.0,-1.0
2016-03-27-12-59-26pm,1459054766611,1459054766571,2016-03-27-12-59-26pm,network,1.3780705,103.9332268,58.654,-1.0,-1.0,-1.0
2016-03-27-12-59-46pm,1459054786587,1459054786555,2016-03-27-12-59-46pm,network,1.3780669,103.9332298,59.03,-1.0,-1.0,-1.0
2016-03-27-1-00-06pm,1459054806988,1459054806940,2016-03-27-1-00-06pm,network,1.3780687,103.9332288,58.849,-1.0,-1.0,-1.0
2016-03-27-1-00-27pm,1459054827265,1459054827212,2016-03-27-1-00-27pm,network,1.3780661,103.9331962,58.644,-1.0,-1.0,-1.0
2016-03-27-1-00-47pm,1459054847282,1459054847234,2016-03-27-1-00-47pm,network,1.3780448,103.9331955,60.595,-1.0,-1.0,-1.0
2016-03-27-1-01-07pm,1459054867285,1459054867216,2016-03-27-1-01-07pm,network,1.3784087,103.9334615,51.454,-1.0,-1.0,-1.0
2016-03-27-1-01-27pm,1459054887257,1459054887211,2016-03-27-1-01-27pm,network,1.378357,103.9334737,47.405,-1.0,-1.0,-1.0
2016-03-27-1-01-47pm,1459054907256,1459054907192,2016-03-27-1-01-47pm,network,1.3783649,103.9334563,49.108,-1.0,-1.0,-1.0
2016-03-27-1-02-07pm,1459054927462,1459054927412,2016-03-27-1-02-07pm,network,1.3783341,103.9334763,46.983,-1.0,-1.0,-1.0
2016-03-27-1-02-27pm,1459054947367,1459054947321,2016-03-27-1-02-27pm,network,1.3780875,103.9332476,57.47,-1.0,-1.0,-1.0
2016-03-27-1-02-47pm,1459054967500,1459054967439,2016-03-27-1-02-47pm,network,1.3780568,103.9332439,46.205,-1.0,-1.0,-1.0
2016-03-27-1-03-07pm,1459054987566,1459054987522,2016-03-27-1-03-07pm,network,1.3780575,103.9332364,46.901,-1.0,-1.0,-1.0
2016-03-27-1-03-27pm,1459055007535,1459055007482,2016-03-27-1-03-27pm,network,1.3780631,103.9331979,58.939,-1.0,-1.0,-1.0
2016-03-27-1-03-47pm,1459055027702,1459055027627,2016-03-27-1-03-47pm,network,1.3780716,103.9331807,57.981,-1.0,-1.0,-1.0
2016-03-27-1-04-07pm,1459055047635,1459055047590,2016-03-27-1-04-07pm,network,1.3780437,103.9332067,60.825,-1.0,-1.0,-1.0
2016-03-27-1-04-27pm,1459055067843,1459055067795,2016-03-27-1-04-27pm,network,1.3780222,103.9335752,75.23,-1.0,-1.0,-1.0
2016-03-27-1-04-47pm,1459055087660,1459055087624,2016-03-27-1-04-47pm,network,1.3780244,103.933582,75.418,-1.0,-1.0,-1.0
2016-03-27-1-05-07pm,1459055107795,1459055107664,2016-03-27-1-05-07pm,network,1.3780394,103.9335818,74.268,-1.0,-1.0,-1.0
2016-03-27-1-05-27pm,1459055127620,1459055127567,2016-03-27-1-05-27pm,network,1.3780384,103.933585,74.515,-1.0,-1.0,-1.0
2016-03-27-1-05-48pm,1459055148016,1459055147951,2016-03-27-1-05-47pm,network,1.3781765,103.9335841,32.0,-1.0,-1.0,-1.0
2016-03-27-1-05-55pm,1459055155213,1459055155000,2016-03-27-1-05-55pm,gps,1.37814721,103.93326126,42.0,96.0999984741211,-1.0,0.0
2016-03-27-1-06-07pm,1459055167765,1459055167713,2016-03-27-1-06-07pm,network,1.3780142,103.9336668,30.246,-1.0,-1.0,-1.0
2016-03-27-1-06-26pm,1459055186234,1459055186000,2016-03-27-1-06-26pm,gps,1.37844835,103.93360282,68.0,137.6999969482422,-1.0,-1.0
2016-03-27-1-06-47pm,1459055207230,1459055207000,2016-03-27-1-06-47pm,gps,1.37850131,103.93380562,53.0,116.4000015258789,-1.0,-1.0
2016-03-27-1-07-02pm,1459055222257,1459055222000,2016-03-27-1-07-02pm,gps,1.37803188,103.93382368,36.0,76.5999984741211,-1.0,-1.0
2016-03-27-1-07-08pm,1459055228300,1459055228253,2016-03-27-1-07-08pm,network,1.377906,103.9340378,53.089,-1.0,-1.0,-1.0
2016-03-27-1-07-28pm,1459055248094,1459055248015,2016-03-27-1-07-28pm,network,1.3778573,103.934095,52.076,-1.0,-1.0,-1.0
2016-03-27-1-07-48pm,1459055268099,1459055268035,2016-03-27-1-07-48pm,network,1.3778446,103.9341283,48.862,-1.0,-1.0,-1.0
2016-03-27-1-08-01pm,1459055281258,1459055281000,2016-03-27-1-08-01pm,gps,1.37774936,103.93487759,14.0,48.0,122.1,1.5
2016-03-27-1-08-08pm,1459055288339,1459055288283,2016-03-27-1-08-08pm,network,1.3777435,103.9347641,74.647,-1.0,-1.0,-1.0
2016-03-27-1-08-28pm,1459055308224,1459055308181,2016-03-27-1-08-28pm,network,1.3777249,103.9349663,80.44,-1.0,-1.0,-1.0
2016-03-27-1-08-41pm,1459055321238,1459055321000,2016-03-27-1-08-41pm,gps,1.37772513,103.93512508,16.0,37.20000076293945,-1.0,-1.0
2016-03-27-1-08-48pm,1459055328158,1459055328097,2016-03-27-1-08-48pm,network,1.377718,103.9350581,35.588,-1.0,-1.0,-1.0
2016-03-27-1-09-08pm,1459055348376,1459055348313,2016-03-27-1-09-08pm,network,1.3777172,103.9350726,35.561,-1.0,-1.0,-1.0
2016-03-27-1-09-31pm,1459055371640,1459055368227,2016-03-27-1-09-28pm,network,1.3774895,103.9352291,84.03,-1.0,-1.0,-1.0
2016-03-27-1-09-39pm,1459055379231,1459055379000,2016-03-27-1-09-39pm,gps,1.37798365,103.93428421,73.0,43.900001525878906,-1.0,-1.0
2016-03-27-1-09-48pm,1459055388425,1459055387694,2016-03-27-1-09-47pm,network,1.3797516,103.9356079,100.0,-1.0,-1.0,-1.0
2016-03-27-1-10-02pm,1459055402241,1459055402000,2016-03-27-1-10-02pm,gps,1.37830965,103.93545435,21.0,31.100000381469727,54.9,0.75
2016-03-27-1-10-08pm,1459055408618,1459055408565,2016-03-27-1-10-08pm,network,1.378599,103.9355754,114.53,-1.0,-1.0,-1.0
2016-03-27-1-10-23pm,1459055423238,1459055423000,2016-03-27-1-10-23pm,gps,1.37813161,103.93563931999999,30.0,33.5,-1.0,-1.0
2016-03-27-1-10-28pm,1459055428574,1459055428508,2016-03-27-1-10-28pm,network,1.3786105,103.9356626,34.109,-1.0,-1.0,-1.0
2016-03-27-1-10-48pm,1459055448498,1459055448449,2016-03-27-1-10-48pm,network,1.3786119,103.935689,32.972,-1.0,-1.0,-1.0
2016-03-27-1-11-04pm,1459055464245,1459055464000,2016-03-27-1-11-04pm,gps,1.37817711,103.9356286,85.0,31.5,-1.0,-1.0
2016-03-27-1-11-31pm,1459055491504,1459055488699,2016-03-27-1-11-28pm,network,1.3776524,103.9358949,64.157,-1.0,-1.0,-1.0
2016-03-27-1-11-48pm,1459055508720,1459055508656,2016-03-27-1-11-48pm,network,1.3775554,103.9359212,72.758,-1.0,-1.0,-1.0
2016-03-27-1-12-06pm,1459055526253,1459055526000,2016-03-27-1-12-06pm,gps,1.37787383,103.93603123,58.0,28.600000381469727,-1.0,0.0
2016-03-27-1-12-19pm,1459055539301,1459055539000,2016-03-27-1-12-19pm,gps,1.37790236,103.9361415,24.0,32.0,12.7,0.5
2016-03-27-1-12-29pm,1459055549126,1459055549096,2016-03-27-1-12-29pm,network,1.3773042,103.9358346,66.533,-1.0,-1.0,-1.0
2016-03-27-1-12-47pm,1459055567185,1459055566392,2016-03-27-1-12-46pm,gps,1.37795365,103.93683749,4.0,35.5,-1.0,0.0
2016-03-27-1-12-52pm,1459055572318,1459055569018,2016-03-27-1-12-49pm,network,1.3777817,103.9364353,68.611,-1.0,-1.0,-1.0
2016-03-27-1-12-58pm,1459055578260,1459055578000,2016-03-27-1-12-58pm,gps,1.37796295,103.9368398,10.0,36.400001525878906,-1.0,0.0
2016-03-27-1-13-08pm,1459055588301,1459055588000,2016-03-27-1-13-08pm,gps,1.37796137,103.93684075,11.0,34.599998474121094,-1.0,0.0
2016-03-27-1-13-28pm,1459055608247,1459055608000,2016-03-27-1-13-28pm,gps,1.37780026,103.93706129,8.0,24.5,131.6,1.25
2016-03-27-1-13-48pm,1459055628272,1459055627392,2016-03-27-1-13-47pm,gps,1.37778081,103.93706628,7.0,27.600000381469727,131.6,0.5
2016-03-27-1-14-07pm,1459055647650,1459055646812,2016-03-27-1-14-06pm,gps,1.37781864,103.93703987,7.0,27.299999237060547,-1.0,0.0
2016-03-27-1-14-18pm,1459055658263,1459055657392,2016-03-27-1-14-17pm,gps,1.37781359,103.9370305,7.0,21.0,-1.0,0.0
2016-03-27-1-14-29pm,1459055669305,1459055669264,2016-03-27-1-14-29pm,network,1.3780586,103.9367725,45.0,-1.0,-1.0,-1.0
2016-03-27-1-14-38pm,1459055678263,1459055678000,2016-03-27-1-14-38pm,gps,1.37796206,103.93727628,10.0,24.200000762939453,114.7,1.25
2016-03-27-1-14-49pm,1459055689465,1459055689376,2016-03-27-1-14-49pm,network,1.3780375,103.9368228,43.5,-1.0,-1.0,-1.0
2016-03-27-1-14-59pm,1459055699290,1459055699000,2016-03-27-1-14-59pm,gps,1.37781983,103.93744943,10.0,28.600000381469727,120.3,1.25
2016-03-27-1-15-09pm,1459055709326,1459055709257,2016-03-27-1-15-09pm,network,1.3779682,103.936961,36.0,-1.0,-1.0,-1.0
2016-03-27-1-15-17pm,1459055717616,1459055716772,2016-03-27-1-15-16pm,gps,1.3776614,103.93763503,9.0,35.29999923706055,117.2,1.25
2016-03-27-1-15-28pm,1459055728260,1459055728000,2016-03-27-1-15-28pm,gps,1.37759499,103.93777947,11.0,39.20000076293945,95.0,1.25
2016-03-27-1-15-38pm,1459055738299,1459055738000,2016-03-27-1-15-38pm,gps,1.377481,103.93786993,12.0,41.599998474121094,128.6,1.25
2016-03-27-1-15-48pm,1459055748320,1459055748000,2016-03-27-1-15-48pm,gps,1.37738829,103.93794026,13.0,39.5,164.7,1.25
2016-03-27-1-16-10pm,1459055770307,1459055770000,2016-03-27-1-16-10pm,gps,1.37724946,103.93798909,17.0,37.5,62.1,1.0
2016-03-27-1-16-28pm,1459055788297,1459055787392,2016-03-27-1-16-27pm,gps,1.37724512,103.93819508,8.0,32.20000076293945,173.8,0.75
2016-03-27-1-16-47pm,1459055807563,1459055806772,2016-03-27-1-16-46pm,gps,1.37711098,103.93841856,8.0,28.5,130.1,1.0
2016-03-27-1-16-58pm,1459055818265,1459055817392,2016-03-27-1-16-57pm,gps,1.37704747,103.93849657,6.0,24.0,137.4,0.75
2016-03-27-1-17-08pm,1459055828302,1459055828000,2016-03-27-1-17-08pm,gps,1.37695995,103.93853097,8.0,23.799999237060547,140.4,1.0
2016-03-27-1-17-27pm,1459055847668,1459055846772,2016-03-27-1-17-26pm,gps,1.37687029,103.93868215,6.0,21.799999237060547,136.4,1.0
2016-03-27-1-17-38pm,1459055858263,1459055858000,2016-03-27-1-17-38pm,gps,1.37673877,103.93883707,7.0,32.70000076293945,133.9,1.0
2016-03-27-1-17-49pm,1459055869517,1459055869467,2016-03-27-1-17-49pm,network,1.3765603,103.9381201,173.081,-1.0,-1.0,-1.0
2016-03-27-1-17-57pm,1459055877621,1459055876772,2016-03-27-1-17-56pm,gps,1.37657008,103.93907758,5.0,33.5,123.8,1.25
2016-03-27-1-18-07pm,1459055887647,1459055886772,2016-03-27-1-18-06pm,gps,1.37653627,103.93918325,7.0,31.200000762939453,118.7,1.25
2016-03-27-1-18-17pm,1459055897724,1459055896792,2016-03-27-1-18-16pm,gps,1.37645138,103.93928454,8.0,32.79999923706055,136.9,1.25
2016-03-27-1-18-28pm,1459055908270,1459055908000,2016-03-27-1-18-28pm,gps,1.37639128,103.93939432,10.0,30.0,112.4,1.25
2016-03-27-1-18-38pm,1459055918270,1459055918000,2016-03-27-1-18-38pm,gps,1.37632407,103.93949876,11.0,32.70000076293945,120.5,1.25
2016-03-27-1-18-48pm,1459055928319,1459055928000,2016-03-27-1-18-48pm,gps,1.37623749,103.93961049,11.0,31.700000762939453,109.3,1.25
2016-03-27-1-18-58pm,1459055938272,1459055938000,2016-03-27-1-18-58pm,gps,1.37612029,103.93964558,11.0,32.900001525878906,151.9,1.25
2016-03-27-1-19-08pm,1459055948277,1459055948000,2016-03-27-1-19-08pm,gps,1.37604863,103.93976048,8.0,30.0,139.7,1.0
2016-03-27-1-19-29pm,1459055969716,1459055969670,2016-03-27-1-19-29pm,network,1.3760253,103.9396325,30.0,-1.0,-1.0,-1.0
2016-03-27-1-19-48pm,1459055988272,1459055988000,2016-03-27-1-19-48pm,gps,1.37586705,103.94008696,13.0,26.700000762939453,123.9,1.0
2016-03-27-1-19-59pm,1459055999300,1459055999000,2016-03-27-1-19-59pm,gps,1.37580546,103.94018997,23.0,22.899999618530273,123.5,1.0
2016-03-27-1-20-09pm,1459056009272,1459056009000,2016-03-27-1-20-09pm,gps,1.37572555,103.94031037,15.0,23.600000381469727,110.9,1.0
2016-03-27-1-20-29pm,1459056029273,1459056029000,2016-03-27-1-20-29pm,gps,1.37561288,103.94049686,18.0,19.899999618530273,119.2,1.0
2016-03-27-1-20-39pm,1459056039275,1459056039000,2016-03-27-1-20-39pm,gps,1.37553482,103.94059215,17.0,23.299999237060547,140.0,1.0
2016-03-27-1-20-49pm,1459056049917,1459056049878,2016-03-27-1-20-49pm,network,1.3751052,103.9407178,40.5,-1.0,-1.0,-1.0
2016-03-27-1-20-57pm,1459056057687,1459056056772,2016-03-27-1-20-56pm,gps,1.37540042,103.94072294,9.0,26.100000381469727,138.2,1.0
2016-03-27-1-21-08pm,1459056068320,1459056068000,2016-03-27-1-21-08pm,gps,1.37529939,103.94080551,9.0,25.700000762939453,127.4,1.0
2016-03-27-1-21-27pm,1459056087924,1459056086832,2016-03-27-1-21-26pm,gps,1.37518961,103.9409808,8.0,29.100000381469727,114.9,1.25
2016-03-27-1-21-37pm,1459056097838,1459056096852,2016-03-27-1-21-36pm,gps,1.37508752,103.9410604,8.0,30.299999237060547,147.0,1.0
2016-03-27-1-21-48pm,1459056108284,1459056108000,2016-03-27-1-21-48pm,gps,1.37510487,103.94107132,11.0,28.700000762939453,-1.0,0.0
2016-03-27-1-22-08pm,1459056128277,1459056128000,2016-03-27-1-22-08pm,gps,1.3751612,103.94105055,9.0,30.0,-1.0,0.0
2016-03-27-1-22-28pm,1459056148280,1459056148000,2016-03-27-1-22-28pm,gps,1.37516089,103.94106171,9.0,28.899999618530273,-1.0,0.0
2016-03-27-1-22-47pm,1459056167210,1459056166372,2016-03-27-1-22-46pm,gps,1.37514009,103.94107528,3.0,31.5,-1.0,0.0
2016-03-27-1-22-57pm,1459056177304,1459056176372,2016-03-27-1-22-56pm,gps,1.37514002,103.94107452,3.0,31.299999237060547,-1.0,0.0
2016-03-27-1-23-07pm,1459056187300,1459056186372,2016-03-27-1-23-06pm,gps,1.37512957,103.94108597,3.0,34.400001525878906,-1.0,0.0
2016-03-27-1-23-17pm,1459056197220,1459056196372,2016-03-27-1-23-16pm,gps,1.37509206,103.94113488,3.0,26.700000762939453,125.9,1.25
2016-03-27-1-23-27pm,1459056207225,1459056206372,2016-03-27-1-23-26pm,gps,1.37503805,103.94120572,3.0,22.200000762939453,120.8,1.25
2016-03-27-1-23-37pm,1459056217343,1459056216372,2016-03-27-1-23-36pm,gps,1.37500175,103.94126571,4.0,21.5,130.7,1.0
2016-03-27-1-23-47pm,1459056227202,1459056226372,2016-03-27-1-23-46pm,gps,1.37492498,103.94135581,5.0,25.0,136.3,1.0
2016-03-27-1-23-57pm,1459056237251,1459056236372,2016-03-27-1-23-56pm,gps,1.37485596,103.94145992,4.0,28.700000762939453,129.4,1.25
2016-03-27-1-24-07pm,1459056247263,1459056246372,2016-03-27-1-24-06pm,gps,1.37478014,103.94156069,6.0,28.200000762939453,130.5,1.25
2016-03-27-1-24-17pm,1459056257314,1459056256372,2016-03-27-1-24-16pm,gps,1.37471148,103.94164654,7.0,28.899999618530273,133.7,1.25
2016-03-27-1-24-27pm,1459056267221,1459056266372,2016-03-27-1-24-26pm,gps,1.37462459,103.94170018,6.0,29.100000381469727,124.4,1.0
2016-03-27-1-24-38pm,1459056278344,1459056278000,2016-03-27-1-24-38pm,gps,1.37458467,103.94180257,12.0,27.5,127.4,1.0
2016-03-27-1-24-48pm,1459056288307,1459056288000,2016-03-27-1-24-48pm,gps,1.37450566,103.94188169,11.0,28.100000381469727,170.0,1.0
2016-03-27-1-24-58pm,1459056298306,1459056298000,2016-03-27-1-24-58pm,gps,1.37449655,103.94186399,11.0,29.700000762939453,-1.0,0.0
2016-03-27-1-25-08pm,1459056308297,1459056308000,2016-03-27-1-25-08pm,gps,1.37448483,103.94186884,12.0,30.600000381469727,-1.0,0.0
2016-03-27-1-25-18pm,1459056318805,1459056318000,2016-03-27-1-25-18pm,gps,1.37447404,103.94186474,18.0,32.79999923706055,-1.0,0.0
2016-03-27-1-25-29pm,1459056329319,1459056329000,2016-03-27-1-25-29pm,gps,1.37447209,103.94184061,18.0,31.600000381469727,-1.0,0.0
2016-03-27-1-25-41pm,1459056341314,1459056341000,2016-03-27-1-25-41pm,gps,1.37446545,103.94182177,39.0,30.600000381469727,-1.0,0.0
2016-03-27-1-25-58pm,1459056358306,1459056358000,2016-03-27-1-25-58pm,gps,1.37432177,103.94215452,14.0,30.100000381469727,111.5,9.0
2016-03-27-1-26-10pm,1459056370295,1459056370000,2016-03-27-1-26-10pm,gps,1.37396563,103.94295715,27.0,28.5,90.2,3.25
2016-03-27-1-26-20pm,1459056380956,1459056380790,2016-03-27-1-26-20pm,network,1.3747622,103.9413771,54.0,-1.0,-1.0,-1.0
2016-03-27-1-26-28pm,1459056388300,1459056388000,2016-03-27-1-26-28pm,gps,1.37367758,103.94344356,16.0,27.399999618530273,117.1,1.75
2016-03-27-1-26-38pm,1459056398296,1459056398000,2016-03-27-1-26-38pm,gps,1.37339911,103.94395212,14.0,35.099998474121094,131.1,6.5
2016-03-27-1-26-43pm,1459056403380,1459056400801,2016-03-27-1-26-40pm,network,1.3744126,103.9418303,30.0,-1.0,-1.0,-1.0
2016-03-27-1-26-50pm,1459056410298,1459056410000,2016-03-27-1-26-50pm,gps,1.3731425,103.94443761,32.0,34.900001525878906,133.9,3.25
2016-03-27-1-27-01pm,1459056421902,1459056420932,2016-03-27-1-27-00pm,network,1.3732101,103.9444481,125.923,-1.0,-1.0,-1.0
2016-03-27-1-27-08pm,1459056428293,1459056428000,2016-03-27-1-27-08pm,gps,1.3730203,103.94532034,16.0,40.29999923706055,96.5,6.5
2016-03-27-1-27-19pm,1459056439305,1459056439000,2016-03-27-1-27-19pm,gps,1.37267661,103.94591697,23.0,40.5,122.4,4.75
2016-03-27-1-27-37pm,1459056457744,1459056456852,2016-03-27-1-27-36pm,gps,1.37268669,103.94595687,9.0,40.5,-1.0,0.0
2016-03-27-1-27-47pm,1459056467762,1459056466872,2016-03-27-1-27-46pm,gps,1.37268021,103.94591675,7.0,36.29999923706055,-1.0,0.0
2016-03-27-1-28-00pm,1459056480302,1459056480000,2016-03-27-1-28-00pm,gps,1.37266983,103.94596232,23.0,39.0,111.9,3.75
2016-03-27-1-28-18pm,1459056498325,1459056498000,2016-03-27-1-28-18pm,gps,1.3722802,103.94688478,12.0,53.0,-1.0,0.0
2016-03-27-1-28-38pm,1459056518339,1459056518000,2016-03-27-1-28-38pm,gps,1.3722819,103.94689894,10.0,49.20000076293945,-1.0,0.0
2016-03-27-1-28-57pm,1459056537734,1459056536832,2016-03-27-1-28-56pm,gps,1.37228114,103.94686334,5.0,53.099998474121094,113.4,2.5
2016-03-27-1-29-08pm,1459056548348,1459056548000,2016-03-27-1-29-08pm,gps,1.37180876,103.94793388,12.0,41.099998474121094,112.2,6.0
2016-03-27-1-29-18pm,1459056558312,1459056558000,2016-03-27-1-29-18pm,gps,1.37172977,103.94817297,9.0,39.099998474121094,112.5,0.25
2016-03-27-1-29-31pm,1459056571902,1459056561246,2016-03-27-1-29-21pm,network,1.3717934,103.9477018,218.945,-1.0,-1.0,-1.0
2016-03-27-1-29-37pm,1459056577230,1459056576372,2016-03-27-1-29-36pm,gps,1.37165223,103.94833029,3.0,29.5,129.3,1.0
2016-03-27-1-29-47pm,1459056587235,1459056586372,2016-03-27-1-29-46pm,gps,1.37160103,103.94841093,3.0,24.0,113.5,1.0
2016-03-27-1-29-57pm,1459056597305,1459056596372,2016-03-27-1-29-56pm,gps,1.37153829,103.94848766,3.0,20.5,123.9,1.0
2016-03-27-1-30-07pm,1459056607275,1459056606372,2016-03-27-1-30-06pm,gps,1.37146342,103.94856131,3.0,18.200000762939453,131.9,1.25
2016-03-27-1-30-17pm,1459056617231,1459056616372,2016-03-27-1-30-16pm,gps,1.37139684,103.94863843,3.0,19.299999237060547,130.4,1.25
2016-03-27-1-30-27pm,1459056627237,1459056626372,2016-03-27-1-30-26pm,gps,1.37131233,103.94871244,3.0,17.399999618530273,134.2,1.25
2016-03-27-1-30-37pm,1459056637736,1459056636372,2016-03-27-1-30-36pm,gps,1.3713124,103.94880893,4.0,16.600000381469727,81.8,1.25
2016-03-27-1-30-57pm,1459056657249,1459056656372,2016-03-27-1-30-56pm,gps,1.37152176,103.94884909,3.0,18.200000762939453,32.8,1.0
2016-03-27-1-31-07pm,1459056667232,1459056666372,2016-03-27-1-31-06pm,gps,1.37164697,103.94889793,4.0,21.0,19.3,1.25
2016-03-27-1-31-17pm,1459056677305,1459056676372,2016-03-27-1-31-16pm,gps,1.3717451,103.94892583,3.0,21.899999618530273,79.6,1.0
2016-03-27-1-31-22pm,1459056682386,1459056681903,2016-03-27-1-31-21pm,network,1.3713442,103.9486025,80.808,-1.0,-1.0,-1.0
2016-03-27-1-31-38pm,1459056698361,1459056698000,2016-03-27-1-31-38pm,gps,1.37147361,103.94885702,12.0,18.600000381469727,182.7,1.75
2016-03-27-1-31-58pm,1459056718350,1459056718000,2016-03-27-1-31-58pm,gps,1.37127867,103.94878959,11.0,20.100000381469727,252.7,1.0
2016-03-27-1-32-17pm,1459056737239,1459056736372,2016-03-27-1-32-16pm,gps,1.37141333,103.94857002,3.0,23.399999618530273,316.8,1.25
2016-03-27-1-32-27pm,1459056747288,1459056746372,2016-03-27-1-32-26pm,gps,1.37147948,103.94848532,3.0,26.700000762939453,308.9,1.25
2016-03-27-1-32-37pm,1459056757329,1459056756372,2016-03-27-1-32-36pm,gps,1.37156085,103.94840639,3.0,24.899999618530273,312.8,1.25
2016-03-27-1-32-47pm,1459056767328,1459056766372,2016-03-27-1-32-46pm,gps,1.37164572,103.94833925,3.0,26.600000381469727,337.7,1.25
2016-03-27-1-32-57pm,1459056777320,1459056776372,2016-03-27-1-32-56pm,gps,1.37174489,103.9483869,3.0,24.299999237060547,61.9,1.25
2016-03-27-1-33-07pm,1459056787357,1459056786372,2016-03-27-1-33-06pm,gps,1.3716821,103.94833786,3.0,23.299999237060547,235.7,1.0
2016-03-27-1-33-17pm,1459056797380,1459056796372,2016-03-27-1-33-16pm,gps,1.37167854,103.948325,3.0,25.200000762939453,-1.0,0.0
2016-03-27-1-33-22pm,1459056802416,1459056802193,2016-03-27-1-33-22pm,network,1.3714955,103.9484881,37.5,-1.0,-1.0,-1.0
2016-03-27-1-33-37pm,1459056817301,1459056816372,2016-03-27-1-33-36pm,gps,1.37167823,103.9483263,3.0,25.200000762939453,-1.0,0.0
2016-03-27-1-33-47pm,1459056827329,1459056826372,2016-03-27-1-33-46pm,gps,1.37167423,103.94832634,3.0,26.0,-1.0,0.0
2016-03-27-1-33-57pm,1459056837358,1459056836372,2016-03-27-1-33-56pm,gps,1.37167407,103.94832445,3.0,25.799999237060547,-1.0,0.0
2016-03-27-1-34-07pm,1459056847353,1459056846372,2016-03-27-1-34-06pm,gps,1.37167437,103.9483247,3.0,25.799999237060547,-1.0,0.0
2016-03-27-1-34-17pm,1459056857343,1459056856372,2016-03-27-1-34-16pm,gps,1.37167594,103.94832451,3.0,23.399999618530273,-1.0,0.0
2016-03-27-1-34-22pm,1459056862355,1459056862282,2016-03-27-1-34-22pm,network,1.3717981,103.9483116,51.0,-1.0,-1.0,-1.0
2016-03-27-1-34-27pm,1459056867628,1459056866372,2016-03-27-1-34-26pm,gps,1.37167536,103.94832608,3.0,23.899999618530273,-1.0,0.0
2016-03-27-1-34-42pm,1459056882451,1459056882365,2016-03-27-1-34-42pm,network,1.3717376,103.9483659,48.0,-1.0,-1.0,-1.0
2016-03-27-1-34-57pm,1459056897343,1459056896372,2016-03-27-1-34-56pm,gps,1.37167546,103.94832653,3.0,23.799999237060547,-1.0,0.0
2016-03-27-1-35-03pm,1459056903007,1459056902958,2016-03-27-1-35-02pm,network,1.3717368,103.9483767,45.0,-1.0,-1.0,-1.0
2016-03-27-1-35-17pm,1459056917254,1459056916372,2016-03-27-1-35-16pm,gps,1.37167598,103.94832695,3.0,23.899999618530273,-1.0,0.0
2016-03-27-1-35-23pm,1459056923094,1459056923054,2016-03-27-1-35-23pm,network,1.3716359,103.9484462,55.5,-1.0,-1.0,-1.0
2016-03-27-1-35-37pm,1459056937341,1459056936372,2016-03-27-1-35-36pm,gps,1.37167599,103.94832712,3.0,23.899999618530273,-1.0,0.0
2016-03-27-1-35-43pm,1459056943166,1459056943114,2016-03-27-1-35-43pm,network,1.3716501,103.9484282,51.0,-1.0,-1.0,-1.0
2016-03-27-1-35-57pm,1459056957337,1459056956372,2016-03-27-1-35-56pm,gps,1.37167599,103.94832732,3.0,23.799999237060547,-1.0,0.0
2016-03-27-1-36-03pm,1459056963031,1459056962983,2016-03-27-1-36-02pm,network,1.3715849,103.9484491,40.5,-1.0,-1.0,-1.0
2016-03-27-1-36-17pm,1459056977309,1459056976372,2016-03-27-1-36-16pm,gps,1.37167585,103.94832791,3.0,23.799999237060547,-1.0,0.0
2016-03-27-1-36-23pm,1459056983443,1459056983229,2016-03-27-1-36-23pm,network,1.3716684,103.9483151,40.5,-1.0,-1.0,-1.0
2016-03-27-1-36-37pm,1459056997321,1459056996372,2016-03-27-1-36-36pm,gps,1.37172166,103.94827759,3.0,23.399999618530273,291.1,1.0
2016-03-27-1-36-43pm,1459057003352,1459057003282,2016-03-27-1-36-43pm,network,1.3717653,103.9482389,37.5,-1.0,-1.0,-1.0
2016-03-27-1-36-57pm,1459057017256,1459057016372,2016-03-27-1-36-56pm,gps,1.37174122,103.94823532,3.0,23.399999618530273,-1.0,0.0
2016-03-27-1-37-03pm,1459057023269,1459057023219,2016-03-27-1-37-03pm,network,1.3717517,103.9481805,40.5,-1.0,-1.0,-1.0
2016-03-27-1-37-17pm,1459057037357,1459057036372,2016-03-27-1-37-16pm,gps,1.37174052,103.94823421,3.0,23.299999237060547,-1.0,0.0
2016-03-27-1-37-23pm,1459057043483,1459057043418,2016-03-27-1-37-23pm,network,1.3717693,103.9481204,45.0,-1.0,-1.0,-1.0
2016-03-27-1-37-37pm,1459057057338,1459057056372,2016-03-27-1-37-36pm,gps,1.3717405,103.94823356,3.0,23.399999618530273,-1.0,0.0
2016-03-27-1-37-43pm,1459057063329,1459057063283,2016-03-27-1-37-43pm,network,1.3717875,103.9480935,45.0,-1.0,-1.0,-1.0
2016-03-27-1-38-03pm,1459057083296,1459057083238,2016-03-27-1-38-03pm,network,1.3717803,103.9480974,52.5,-1.0,-1.0,-1.0
2016-03-27-1-38-17pm,1459057097355,1459057096372,2016-03-27-1-38-16pm,gps,1.37174081,103.94823249,3.0,23.399999618530273,-1.0,0.0
2016-03-27-1-38-23pm,1459057103472,1459057103431,2016-03-27-1-38-23pm,network,1.3719331,103.948132,79.5,-1.0,-1.0,-1.0
2016-03-27-1-38-37pm,1459057117331,1459057116372,2016-03-27-1-38-36pm,gps,1.37174142,103.94823254,3.0,23.5,-1.0,0.0
2016-03-27-1-38-43pm,1459057123481,1459057123435,2016-03-27-1-38-43pm,network,1.3717315,103.9483493,51.0,-1.0,-1.0,-1.0
2016-03-27-1-39-03pm,1459057143452,1459057143394,2016-03-27-1-39-03pm,network,1.3717365,103.9483417,45.0,-1.0,-1.0,-1.0
2016-03-27-1-39-17pm,1459057157339,1459057156372,2016-03-27-1-39-16pm,gps,1.37174194,103.94823157,3.0,23.0,-1.0,0.0
2016-03-27-1-39-23pm,1459057163445,1459057163392,2016-03-27-1-39-23pm,network,1.3717663,103.9481974,49.5,-1.0,-1.0,-1.0
2016-03-27-1-39-37pm,1459057177408,1459057176372,2016-03-27-1-39-36pm,gps,1.37174216,103.94823131,3.0,23.0,-1.0,0.0
2016-03-27-1-39-43pm,1459057183525,1459057183474,2016-03-27-1-39-43pm,network,1.3717167,103.9481819,45.0,-1.0,-1.0,-1.0
2016-03-27-1-39-57pm,1459057197418,1459057196372,2016-03-27-1-39-56pm,gps,1.37174224,103.94823103,3.0,23.0,-1.0,0.0
2016-03-27-1-40-03pm,1459057203741,1459057203537,2016-03-27-1-40-03pm,network,1.3717256,103.9481661,48.0,-1.0,-1.0,-1.0
2016-03-27-1-40-23pm,1459057223681,1459057223629,2016-03-27-1-40-23pm,network,1.3716768,103.9482438,55.5,-1.0,-1.0,-1.0
2016-03-27-1-40-37pm,1459057237353,1459057236372,2016-03-27-1-40-36pm,gps,1.37174133,103.94823052,9.0,22.799999237060547,-1.0,0.0
2016-03-27-1-40-43pm,1459057243685,1459057243619,2016-03-27-1-40-43pm,network,1.3715387,103.9484181,58.5,-1.0,-1.0,-1.0
2016-03-27-1-40-57pm,1459057257352,1459057256372,2016-03-27-1-40-56pm,gps,1.37174101,103.94823011,9.0,22.700000762939453,-1.0,0.0
2016-03-27-1-41-03pm,1459057263696,1459057263639,2016-03-27-1-41-03pm,network,1.3716846,103.9482533,51.0,-1.0,-1.0,-1.0
2016-03-27-1-41-17pm,1459057277354,1459057276372,2016-03-27-1-41-16pm,gps,1.37174075,103.94823006,9.0,22.700000762939453,-1.0,0.0
2016-03-27-1-41-23pm,1459057283701,1459057283639,2016-03-27-1-41-23pm,network,1.3717724,103.9481518,48.0,-1.0,-1.0,-1.0
2016-03-27-1-41-37pm,1459057297346,1459057297000,2016-03-27-1-41-37pm,gps,1.37174062,103.94823024,10.0,22.899999618530273,-1.0,0.0
2016-03-27-1-41-43pm,1459057303849,1459057303804,2016-03-27-1-41-43pm,network,1.3717506,103.948146,40.5,-1.0,-1.0,-1.0
2016-03-27-1-41-57pm,1459057317401,1459057317000,2016-03-27-1-41-57pm,gps,1.37174044,103.94823002,10.0,23.0,-1.0,0.0
2016-03-27-1-42-03pm,1459057323746,1459057323711,2016-03-27-1-42-03pm,network,1.3717652,103.9481403,40.5,-1.0,-1.0,-1.0
2016-03-27-1-42-23pm,1459057343969,1459057343894,2016-03-27-1-42-23pm,network,1.3717936,103.9481569,51.0,-1.0,-1.0,-1.0
2016-03-27-1-42-37pm,1459057357313,1459057356372,2016-03-27-1-42-36pm,gps,1.37174038,103.94822916,9.0,23.100000381469727,-1.0,0.0
2016-03-27-1-42-43pm,1459057363848,1459057363804,2016-03-27-1-42-43pm,network,1.3716609,103.9482706,51.0,-1.0,-1.0,-1.0
2016-03-27-1-42-57pm,1459057377360,1459057376372,2016-03-27-1-42-56pm,gps,1.37174014,103.94822936,9.0,23.200000762939453,-1.0,0.0
2016-03-27-1-43-03pm,1459057383883,1459057383822,2016-03-27-1-43-03pm,network,1.3716723,103.9482375,42.0,-1.0,-1.0,-1.0
2016-03-27-1-43-17pm,1459057397703,1459057396752,2016-03-27-1-43-16pm,gps,1.37173589,103.9482278,6.0,22.899999618530273,-1.0,0.0
2016-03-27-1-43-23pm,1459057403954,1459057403907,2016-03-27-1-43-23pm,network,1.3721605,103.9481372,67.5,-1.0,-1.0,-1.0
2016-03-27-1-43-37pm,1459057417695,1459057416752,2016-03-27-1-43-36pm,gps,1.37173739,103.94822743,6.0,23.899999618530273,-1.0,0.0
2016-03-27-1-43-44pm,1459057424098,1459057424015,2016-03-27-1-43-44pm,network,1.3719823,103.9481729,61.5,-1.0,-1.0,-1.0
2016-03-27-1-43-57pm,1459057437711,1459057436752,2016-03-27-1-43-56pm,gps,1.37174492,103.94822223,4.0,25.5,-1.0,0.0
2016-03-27-1-44-04pm,1459057444041,1459057443996,2016-03-27-1-44-03pm,network,1.3717916,103.9481368,48.0,-1.0,-1.0,-1.0
2016-03-27-1-44-17pm,1459057457769,1459057456772,2016-03-27-1-44-16pm,gps,1.37175704,103.94821067,6.0,20.299999237060547,-1.0,0.0
2016-03-27-1-44-24pm,1459057464114,1459057464053,2016-03-27-1-44-24pm,network,1.3718409,103.9480753,40.5,-1.0,-1.0,-1.0
2016-03-27-1-44-37pm,1459057477763,1459057476792,2016-03-27-1-44-36pm,gps,1.3717562,103.94820173,6.0,19.600000381469727,-1.0,0.0
2016-03-27-1-44-44pm,1459057484100,1459057483999,2016-03-27-1-44-43pm,network,1.3718238,103.9480802,45.0,-1.0,-1.0,-1.0
2016-03-27-1-44-57pm,1459057497725,1459057496772,2016-03-27-1-44-56pm,gps,1.37175748,103.94819972,5.0,18.0,-1.0,0.0
2016-03-27-1-45-04pm,1459057504171,1459057504119,2016-03-27-1-45-04pm,network,1.3719076,103.9480442,51.0,-1.0,-1.0,-1.0
2016-03-27-1-45-17pm,1459057517755,1459057516792,2016-03-27-1-45-16pm,gps,1.37175912,103.94820202,6.0,18.899999618530273,-1.0,0.0
2016-03-27-1-45-24pm,1459057524184,1459057524002,2016-03-27-1-45-24pm,network,1.3718992,103.9480356,67.5,-1.0,-1.0,-1.0
2016-03-27-1-45-38pm,1459057538375,1459057538000,2016-03-27-1-45-38pm,gps,1.3717616,103.94820272,9.0,19.5,-1.0,0.0
2016-03-27-1-45-44pm,1459057544262,1459057544188,2016-03-27-1-45-44pm,network,1.3719342,103.9480956,67.5,-1.0,-1.0,-1.0
2016-03-27-1-45-57pm,1459057557727,1459057556772,2016-03-27-1-45-56pm,gps,1.37176365,103.94820338,4.0,19.5,-1.0,0.0
2016-03-27-1-46-04pm,1459057564211,1459057564166,2016-03-27-1-46-04pm,network,1.3719838,103.9481396,63.0,-1.0,-1.0,-1.0
2016-03-27-1-46-17pm,1459057577752,1459057576700,2016-03-27-1-46-16pm,gps,1.37176477,103.94820881,6.0,19.700000762939453,-1.0,0.0
2016-03-27-1-46-24pm,1459057584249,1459057584210,2016-03-27-1-46-24pm,network,1.3718473,103.9481301,78.0,-1.0,-1.0,-1.0
2016-03-27-1-46-37pm,1459057597741,1459057596752,2016-03-27-1-46-36pm,gps,1.37176669,103.94821165,5.0,18.5,-1.0,0.0
2016-03-27-1-46-44pm,1459057604298,1459057604248,2016-03-27-1-46-44pm,network,1.3718467,103.9480447,78.0,-1.0,-1.0,-1.0
2016-03-27-1-46-57pm,1459057617723,1459057616700,2016-03-27-1-46-56pm,gps,1.37176744,103.94821232,6.0,18.600000381469727,-1.0,0.0
2016-03-27-1-47-04pm,1459057624379,1459057624338,2016-03-27-1-47-04pm,network,1.371912,103.9480184,85.5,-1.0,-1.0,-1.0
2016-03-27-1-47-17pm,1459057637710,1459057636700,2016-03-27-1-47-16pm,gps,1.37177126,103.94821489,6.0,19.700000762939453,-1.0,0.0
2016-03-27-1-47-24pm,1459057644492,1459057644441,2016-03-27-1-47-24pm,network,1.3717741,103.948045,55.5,-1.0,-1.0,-1.0
2016-03-27-1-47-37pm,1459057657737,1459057656772,2016-03-27-1-47-36pm,gps,1.37177458,103.94821891,5.0,20.600000381469727,-1.0,0.0
2016-03-27-1-47-44pm,1459057664512,1459057664427,2016-03-27-1-47-44pm,network,1.3717972,103.9480454,54.0,-1.0,-1.0,-1.0
2016-03-27-1-47-57pm,1459057677753,1459057676792,2016-03-27-1-47-56pm,gps,1.37177669,103.94821749,8.0,20.899999618530273,-1.0,0.0
2016-03-27-1-48-04pm,1459057684552,1459057684486,2016-03-27-1-48-04pm,network,1.3717614,103.9481104,39.0,-1.0,-1.0,-1.0
2016-03-27-1-48-17pm,1459057697730,1459057696700,2016-03-27-1-48-16pm,gps,1.37177629,103.9482204,6.0,21.600000381469727,-1.0,0.0
2016-03-27-1-48-24pm,1459057704540,1459057704493,2016-03-27-1-48-24pm,network,1.371762,103.9481082,40.5,-1.0,-1.0,-1.0
2016-03-27-1-48-37pm,1459057717710,1459057716700,2016-03-27-1-48-36pm,gps,1.37177822,103.94822168,5.0,22.0,-1.0,0.0
2016-03-27-1-48-44pm,1459057724650,1459057724570,2016-03-27-1-48-44pm,network,1.3718499,103.9481279,78.0,-1.0,-1.0,-1.0
2016-03-27-1-48-57pm,1459057737745,1459057736772,2016-03-27-1-48-56pm,gps,1.37177761,103.94822089,7.0,22.100000381469727,-1.0,0.0
2016-03-27-1-49-04pm,1459057744648,1459057744592,2016-03-27-1-49-04pm,network,1.3717807,103.9481535,45.0,-1.0,-1.0,-1.0
2016-03-27-1-49-17pm,1459057757808,1459057756700,2016-03-27-1-49-16pm,gps,1.37177844,103.94822332,8.0,22.299999237060547,-1.0,0.0
2016-03-27-1-49-24pm,1459057764669,1459057764620,2016-03-27-1-49-24pm,network,1.3717925,103.9480856,49.5,-1.0,-1.0,-1.0
2016-03-27-1-49-37pm,1459057777723,1459057776792,2016-03-27-1-49-36pm,gps,1.37177928,103.94822074,8.0,22.200000762939453,-1.0,0.0
2016-03-27-1-49-44pm,1459057784762,1459057784726,2016-03-27-1-49-44pm,network,1.3717786,103.9480788,49.5,-1.0,-1.0,-1.0
2016-03-27-1-49-57pm,1459057797780,1459057796752,2016-03-27-1-49-56pm,gps,1.37177891,103.94821895,7.0,22.0,-1.0,0.0
2016-03-27-1-50-04pm,1459057804735,1459057804697,2016-03-27-1-50-04pm,network,1.3718244,103.9480373,48.0,-1.0,-1.0,-1.0
2016-03-27-1-50-17pm,1459057817677,1459057816772,2016-03-27-1-50-16pm,gps,1.37178197,103.94821964,6.0,21.899999618530273,-1.0,0.0
2016-03-27-1-50-24pm,1459057824876,1459057824831,2016-03-27-1-50-24pm,network,1.3719914,103.9480316,48.0,-1.0,-1.0,-1.0
2016-03-27-1-50-37pm,1459057837862,1459057836792,2016-03-27-1-50-36pm,gps,1.37175876,103.94826111,4.0,21.600000381469727,118.2,0.75
2016-03-27-1-50-44pm,1459057844758,1459057844696,2016-03-27-1-50-44pm,network,1.3717701,103.9481952,40.5,-1.0,-1.0,-1.0
2016-03-27-1-50-57pm,1459057857758,1459057856772,2016-03-27-1-50-56pm,gps,1.37158083,103.94841604,3.0,16.5,138.4,1.25
2016-03-27-1-51-07pm,1459057867100,1459057866907,2016-03-27-1-51-06pm,network,1.371633,103.948334,52.5,-1.0,-1.0,-1.0
2016-03-27-1-51-17pm,1459057877426,1459057876392,2016-03-27-1-51-16pm,gps,1.37142387,103.94858447,3.0,16.5,133.0,1.25
2016-03-27-1-51-27pm,1459057887063,1459057886985,2016-03-27-1-51-26pm,network,1.3714615,103.9485079,48.0,-1.0,-1.0,-1.0
2016-03-27-1-51-37pm,1459057897745,1459057896772,2016-03-27-1-51-36pm,gps,1.37127055,103.94873156,3.0,14.600000381469727,138.4,1.25
2016-03-27-1-51-46pm,1459057906923,1459057906853,2016-03-27-1-51-46pm,network,1.3713338,103.9486129,30.0,-1.0,-1.0,-1.0
2016-03-27-1-51-57pm,1459057917783,1459057916792,2016-03-27-1-51-56pm,gps,1.37113706,103.94886479,3.0,16.899999618530273,162.0,1.0
2016-03-27-1-52-06pm,1459057926913,1459057926870,2016-03-27-1-52-06pm,network,1.3713299,103.9486133,30.0,-1.0,-1.0,-1.0
2016-03-27-1-52-17pm,1459057937824,1459057936812,2016-03-27-1-52-16pm,gps,1.37113339,103.94887987,5.0,17.100000381469727,-1.0,0.0
2016-03-27-1-52-27pm,1459057947055,1459057946998,2016-03-27-1-52-26pm,network,1.3712977,103.948641,33.0,-1.0,-1.0,-1.0
2016-03-27-1-52-37pm,1459057957729,1459057956812,2016-03-27-1-52-36pm,gps,1.37113536,103.94887079,7.0,15.699999809265137,-1.0,0.0
2016-03-27-1-52-47pm,1459057967040,1459057966988,2016-03-27-1-52-46pm,network,1.371289,103.9486303,30.0,-1.0,-1.0,-1.0
2016-03-27-1-52-57pm,1459057977805,1459057976812,2016-03-27-1-52-56pm,gps,1.37114119,103.94887226,9.0,13.800000190734863,-1.0,0.0
2016-03-27-1-53-06pm,1459057986936,1459057986862,2016-03-27-1-53-06pm,network,1.371307,103.9485334,31.5,-1.0,-1.0,-1.0
2016-03-27-1-53-17pm,1459057997730,1459057996752,2016-03-27-1-53-16pm,gps,1.37097048,103.94873479,5.0,14.0,221.0,1.5
2016-03-27-1-53-27pm,1459058007035,1459058006998,2016-03-27-1-53-26pm,network,1.371286,103.9485689,30.0,-1.0,-1.0,-1.0
2016-03-27-1-53-37pm,1459058017727,1459058016700,2016-03-27-1-53-36pm,gps,1.37099751,103.94857078,5.0,14.899999618530273,302.7,1.0
2016-03-27-1-53-47pm,1459058027191,1459058027158,2016-03-27-1-53-47pm,network,1.3712885,103.9485501,30.0,-1.0,-1.0,-1.0
2016-03-27-1-53-57pm,1459058037771,1459058036752,2016-03-27-1-53-56pm,gps,1.37111728,103.94838871,5.0,14.399999618530273,318.0,1.0
2016-03-27-1-54-07pm,1459058047327,1459058047085,2016-03-27-1-54-07pm,network,1.3713501,103.9485254,30.0,-1.0,-1.0,-1.0
2016-03-27-1-54-17pm,1459058057829,1459058056812,2016-03-27-1-54-16pm,gps,1.37120706,103.94832988,6.0,13.100000381469727,-1.0,0.0
2016-03-27-1-54-27pm,1459058067166,1459058067085,2016-03-27-1-54-27pm,network,1.371311,103.9485486,30.0,-1.0,-1.0,-1.0
2016-03-27-1-54-37pm,1459058077708,1459058076700,2016-03-27-1-54-36pm,gps,1.37121024,103.94830829,7.0,12.5,-1.0,0.0
2016-03-27-1-54-47pm,1459058087266,1459058087194,2016-03-27-1-54-47pm,network,1.371315,103.9485308,30.0,-1.0,-1.0,-1.0
2016-03-27-1-54-57pm,1459058097809,1459058096772,2016-03-27-1-54-56pm,gps,1.37119789,103.94829611,4.0,14.5,-1.0,0.0
2016-03-27-1-55-07pm,1459058107168,1459058107126,2016-03-27-1-55-07pm,network,1.3713463,103.9484946,30.0,-1.0,-1.0,-1.0
2016-03-27-1-55-17pm,1459058117755,1459058116752,2016-03-27-1-55-16pm,gps,1.37119267,103.94829781,4.0,14.800000190734863,-1.0,0.0
2016-03-27-1-55-27pm,1459058127252,1459058127196,2016-03-27-1-55-27pm,network,1.3713244,103.948484,30.0,-1.0,-1.0,-1.0
2016-03-27-1-55-37pm,1459058137806,1459058136700,2016-03-27-1-55-36pm,gps,1.37120092,103.94829217,7.0,16.100000381469727,-1.0,0.0
2016-03-27-1-55-47pm,1459058147254,1459058147202,2016-03-27-1-55-47pm,network,1.3713502,103.9484954,30.0,-1.0,-1.0,-1.0
2016-03-27-1-55-57pm,1459058157787,1459058156772,2016-03-27-1-55-56pm,gps,1.37119924,103.94828315,3.0,17.100000381469727,-1.0,0.0
2016-03-27-1-56-07pm,1459058167241,1459058167170,2016-03-27-1-56-07pm,network,1.371358,103.948485,30.0,-1.0,-1.0,-1.0
2016-03-27-1-56-17pm,1459058177796,1459058176832,2016-03-27-1-56-16pm,gps,1.37119935,103.94828791,4.0,16.399999618530273,-1.0,0.0
2016-03-27-1-56-27pm,1459058187425,1459058187227,2016-03-27-1-56-27pm,network,1.3713231,103.9485341,30.0,-1.0,-1.0,-1.0
2016-03-27-1-56-37pm,1459058197757,1459058196832,2016-03-27-1-56-36pm,gps,1.37117511,103.94838349,6.0,18.799999237060547,337.5,0.75
2016-03-27-1-56-47pm,1459058207312,1459058207254,2016-03-27-1-56-47pm,network,1.3713503,103.9485467,30.0,-1.0,-1.0,-1.0
2016-03-27-1-56-57pm,1459058217782,1459058216700,2016-03-27-1-56-56pm,gps,1.37132907,103.94830836,6.0,19.700000762939453,318.5,3.0
2016-03-27-1-57-07pm,1459058227331,1459058227286,2016-03-27-1-57-07pm,network,1.3714121,103.948449,31.5,-1.0,-1.0,-1.0
2016-03-27-1-57-18pm,1459058238398,1459058238000,2016-03-27-1-57-18pm,gps,1.37231203,103.94646571,9.0,11.399999618530273,288.4,8.25
2016-03-27-1-57-27pm,1459058247368,1459058247294,2016-03-27-1-57-27pm,network,1.3714013,103.9484419,33.0,-1.0,-1.0,-1.0
2016-03-27-1-57-37pm,1459058257794,1459058256700,2016-03-27-1-57-36pm,gps,1.37243805,103.94601872,9.0,27.799999237060547,278.3,0.25
2016-03-27-1-57-47pm,1459058267467,1459058267401,2016-03-27-1-57-47pm,network,1.3714352,103.948393,49.5,-1.0,-1.0,-1.0
2016-03-27-1-57-58pm,1459058278448,1459058278000,2016-03-27-1-57-58pm,gps,1.37271058,103.94523509,10.0,28.299999237060547,289.9,4.5
2016-03-27-1-58-07pm,1459058287422,1459058287346,2016-03-27-1-58-07pm,network,1.3718895,103.9470788,94.5,-1.0,-1.0,-1.0
2016-03-27-1-58-18pm,1459058298407,1459058298000,2016-03-27-1-58-18pm,gps,1.37358018,103.94354745,14.0,28.200000762939453,293.4,13.25
2016-03-27-1-58-27pm,1459058307392,1459058307335,2016-03-27-1-58-27pm,network,1.3725279,103.9459881,43.5,-1.0,-1.0,-1.0
2016-03-27-1-58-38pm,1459058318433,1459058318000,2016-03-27-1-58-38pm,gps,1.3738134,103.94317138,8.0,36.400001525878906,37.4,0.25
2016-03-27-1-58-47pm,1459058327445,1459058327386,2016-03-27-1-58-47pm,network,1.3727426,103.9456515,40.5,-1.0,-1.0,-1.0
2016-03-27-1-58-58pm,1459058338441,1459058338000,2016-03-27-1-58-58pm,gps,1.37424385,103.94245992,11.0,35.79999923706055,298.9,10.5
2016-03-27-1-59-07pm,1459058347504,1459058347462,2016-03-27-1-59-07pm,network,1.3745695,103.941541,40.5,-1.0,-1.0,-1.0
2016-03-27-1-59-18pm,1459058358461,1459058358000,2016-03-27-1-59-18pm,gps,1.37451274,103.94153228,11.0,46.400001525878906,-1.0,0.0
2016-03-27-1-59-27pm,1459058367523,1459058367470,2016-03-27-1-59-27pm,network,1.3746445,103.9414482,48.0,-1.0,-1.0,-1.0
2016-03-27-1-59-47pm,1459058387706,1459058387669,2016-03-27-1-59-47pm,network,1.3747328,103.9412697,40.5,-1.0,-1.0,-1.0
2016-03-27-1-59-58pm,1459058398437,1459058398000,2016-03-27-1-59-58pm,gps,1.37457845,103.94141907,13.0,30.899999618530273,-1.0,0.0
2016-03-27-2-00-07pm,1459058407606,1459058407578,2016-03-27-2-00-07pm,network,1.374793,103.941094,39.0,-1.0,-1.0,-1.0
2016-03-27-2-00-17pm,1459058417440,1459058416392,2016-03-27-2-00-16pm,gps,1.37467718,103.9412846,7.0,34.0,308.2,4.5
2016-03-27-2-00-27pm,1459058427385,1459058426392,2016-03-27-2-00-26pm,gps,1.37517239,103.94064698,3.0,25.600000381469727,302.1,6.5
2016-03-27-2-00-37pm,1459058437436,1459058436392,2016-03-27-2-00-36pm,gps,1.37526364,103.94046865,3.0,21.299999237060547,-1.0,0.0
2016-03-27-2-00-47pm,1459058447361,1459058446392,2016-03-27-2-00-46pm,gps,1.37525466,103.94046942,3.0,20.5,-1.0,0.0
2016-03-27-2-00-57pm,1459058457757,1459058456392,2016-03-27-2-00-56pm,gps,1.37536095,103.94033581,9.0,23.600000381469727,308.9,6.0
2016-03-27-2-01-07pm,1459058467875,1459058467821,2016-03-27-2-01-07pm,network,1.375981,103.9396391,88.5,-1.0,-1.0,-1.0
2016-03-27-2-01-18pm,1459058478451,1459058478000,2016-03-27-2-01-18pm,gps,1.37668091,103.93863509,13.0,15.199999809265137,304.9,12.5
2016-03-27-2-01-27pm,1459058487720,1459058487664,2016-03-27-2-01-27pm,network,1.3760457,103.9395794,191.372,-1.0,-1.0,-1.0
2016-03-27-2-01-47pm,1459058507352,1459058506392,2016-03-27-2-01-46pm,gps,1.37766643,103.93733018,9.0,18.899999618530273,309.5,0.25
2016-03-27-2-01-57pm,1459058517769,1459058516392,2016-03-27-2-01-56pm,gps,1.37765168,103.93732413,9.0,19.399999618530273,-1.0,0.0
2016-03-27-2-02-07pm,1459058527763,1459058527126,2016-03-27-2-02-07pm,network,1.3744474,103.940684,100.0,-1.0,-1.0,-1.0
2016-03-27-2-02-17pm,1459058537434,1459058536392,2016-03-27-2-02-16pm,gps,1.3776483,103.93732406,9.0,18.899999618530273,-1.0,0.0
2016-03-27-2-02-27pm,1459058547384,1459058546392,2016-03-27-2-02-26pm,gps,1.37781504,103.93708865,9.0,18.100000381469727,306.7,8.0
2016-03-27-2-02-37pm,1459058557457,1459058556392,2016-03-27-2-02-36pm,gps,1.37828741,103.93645993,9.0,19.399999618530273,312.4,6.25
2016-03-27-2-02-47pm,1459058567982,1459058567918,2016-03-27-2-02-47pm,network,1.3778556,103.937026,114.539,-1.0,-1.0,-1.0
2016-03-27-2-02-58pm,1459058578469,1459058578000,2016-03-27-2-02-58pm,gps,1.37835408,103.93635126,10.0,23.5,-1.0,0.0
2016-03-27-2-03-08pm,1459058588302,1459058588075,2016-03-27-2-03-08pm,network,1.3779388,103.9368802,99.161,-1.0,-1.0,-1.0
2016-03-27-2-03-18pm,1459058598463,1459058598000,2016-03-27-2-03-18pm,gps,1.37824233,103.93620711,13.0,34.400001525878906,194.1,1.25
2016-03-27-2-03-28pm,1459058608147,1459058608062,2016-03-27-2-03-28pm,network,1.3780421,103.9367736,86.714,-1.0,-1.0,-1.0
2016-03-27-2-03-38pm,1459058618451,1459058618000,2016-03-27-2-03-38pm,gps,1.37936364,103.93497949,13.0,22.5,298.1,12.75
2016-03-27-2-03-48pm,1459058628422,1459058628000,2016-03-27-2-03-48pm,gps,1.37967634,103.93435121,11.0,16.600000381469727,269.1,5.0
2016-03-27-2-03-55pm,1459058635923,1459058628056,2016-03-27-2-03-48pm,network,1.3786557,103.9357949,60.24,-1.0,-1.0,-1.0
2016-03-27-2-04-08pm,1459058648080,1459058648031,2016-03-27-2-04-08pm,network,1.3786977,103.9357469,42.905,-1.0,-1.0,-1.0
2016-03-27-2-04-18pm,1459058658472,1459058658000,2016-03-27-2-04-18pm,gps,1.37845743,103.93327726,11.0,20.0,-1.0,0.0
2016-03-27-2-04-28pm,1459058668055,1459058668009,2016-03-27-2-04-28pm,network,1.3787756,103.9357121,35.673,-1.0,-1.0,-1.0
2016-03-27-2-04-38pm,1459058678438,1459058678000,2016-03-27-2-04-38pm,gps,1.37753983,103.93262509,13.0,23.0,208.3,12.25
2016-03-27-2-04-48pm,1459058688446,1459058688000,2016-03-27-2-04-48pm,gps,1.37633672,103.93209216,12.0,22.5,204.9,10.75
2016-03-27-2-05-01pm,1459058701429,1459058701000,2016-03-27-2-05-01pm,gps,1.37573696,103.93134145,15.0,22.299999237060547,256.2,6.5
2016-03-27-2-05-08pm,1459058708274,1459058708220,2016-03-27-2-05-08pm,network,1.3779473,103.9330721,187.808,-1.0,-1.0,-1.0
2016-03-27-2-05-18pm,1459058718434,1459058718000,2016-03-27-2-05-18pm,gps,1.37652594,103.92983594,14.0,25.5,301.4,8.0
2016-03-27-2-05-28pm,1459058728132,1459058728070,2016-03-27-2-05-28pm,network,1.3778233,103.933008,175.02,-1.0,-1.0,-1.0
2016-03-27-2-05-48pm,1459058748465,1459058748000,2016-03-27-2-05-48pm,gps,1.37785118,103.92597627,13.0,22.700000762939453,284.5,17.0
2016-03-27-2-05-58pm,1459058758494,1459058758000,2016-03-27-2-05-58pm,gps,1.37819578,103.9244378,13.0,19.899999618530273,283.2,16.75
2016-03-27-2-06-08pm,1459058768158,1459058768101,2016-03-27-2-06-08pm,network,1.3763798,103.9306311,49.432,-1.0,-1.0,-1.0
2016-03-27-2-06-18pm,1459058778456,1459058778000,2016-03-27-2-06-18pm,gps,1.37914335,103.92157912,13.0,15.100000381469727,294.2,17.0
2016-03-27-2-06-28pm,1459058788270,1459058788218,2016-03-27-2-06-28pm,network,1.377146,103.9282865,57.0,-1.0,-1.0,-1.0
2016-03-27-2-06-38pm,1459058798482,1459058798000,2016-03-27-2-06-38pm,gps,1.38073762,103.91905799,12.0,14.600000381469727,309.4,16.75
2016-03-27-2-06-50pm,1459058810037,1459058807757,2016-03-27-2-06-47pm,network,1.3747922,103.9319822,800.0,-1.0,-1.0,-1.0
2016-03-27-2-06-57pm,1459058817377,1459058816392,2016-03-27-2-06-56pm,gps,1.38266472,103.91708022,9.0,14.800000190734863,313.5,16.0
2016-03-27-2-07-07pm,1459058827450,1459058826392,2016-03-27-2-07-06pm,gps,1.3837648,103.91602945,9.0,17.799999237060547,315.6,16.75
2016-03-27-2-07-17pm,1459058837445,1459058836392,2016-03-27-2-07-16pm,gps,1.38483672,103.9151068,9.0,18.100000381469727,318.2,15.0
2016-03-27-2-07-27pm,1459058847464,1459058846392,2016-03-27-2-07-26pm,gps,1.38594382,103.91408788,9.0,18.799999237060547,318.9,16.75
2016-03-27-2-07-37pm,1459058857728,1459058856392,2016-03-27-2-07-36pm,gps,1.38708204,103.91307895999999,9.0,16.799999237060547,316.8,17.25
2016-03-27-2-07-52pm,1459058872328,1459058868649,2016-03-27-2-07-48pm,network,1.388634,103.9113749,75.0,-1.0,-1.0,-1.0
2016-03-27-2-07-58pm,1459058878445,1459058878000,2016-03-27-2-07-58pm,gps,1.38958663,103.91096299,11.0,11.5,322.7,16.75
2016-03-27-2-08-08pm,1459058888485,1459058888000,2016-03-27-2-08-08pm,gps,1.39066142,103.90997188,11.0,11.899999618530273,317.7,16.5
2016-03-27-2-08-18pm,1459058898501,1459058898000,2016-03-27-2-08-18pm,gps,1.3917764,103.90898909,12.0,10.899999618530273,316.5,18.25
2016-03-27-2-08-28pm,1459058908494,1459058908000,2016-03-27-2-08-28pm,gps,1.39296383,103.90801548,12.0,12.5,321.3,17.75
2016-03-27-2-08-38pm,1459058918501,1459058918000,2016-03-27-2-08-38pm,gps,1.39402879,103.90699359,12.0,13.100000381469727,312.1,15.75
2016-03-27-2-08-48pm,1459058928450,1459058928000,2016-03-27-2-08-48pm,gps,1.39479401,103.90612033,12.0,14.100000381469727,306.8,8.5
2016-03-27-2-08-58pm,1459058938448,1459058938000,2016-03-27-2-08-58pm,gps,1.39494814,103.90593328,12.0,14.699999809265137,67.5,0.75
2016-03-27-2-09-08pm,1459058948452,1459058948000,2016-03-27-2-09-08pm,gps,1.39488992,103.90589937,12.0,17.299999237060547,67.5,0.5
2016-03-27-2-09-18pm,1459058958451,1459058958000,2016-03-27-2-09-18pm,gps,1.3948341,103.90586572,11.0,19.0,-1.0,0.0
2016-03-27-2-09-28pm,1459058968467,1459058968000,2016-03-27-2-09-28pm,gps,1.39483494,103.90586361,11.0,18.799999237060547,-1.0,0.0
2016-03-27-2-09-38pm,1459058978475,1459058978000,2016-03-27-2-09-38pm,gps,1.39487135,103.9058618,10.0,17.5,-1.0,0.0
2016-03-27-2-09-48pm,1459058988455,1459058988000,2016-03-27-2-09-48pm,gps,1.39504091,103.90558648,12.0,17.299999237060547,298.6,4.75
2016-03-27-2-10-07pm,1459059007481,1459059007000,2016-03-27-2-10-07pm,gps,1.39507896,103.90562341,10.0,17.700000762939453,-1.0,0.0
2016-03-27-2-10-18pm,1459059018458,1459059018000,2016-03-27-2-10-18pm,gps,1.3954316,103.90514384,12.0,11.800000190734863,299.9,8.25
2016-03-27-2-10-28pm,1459059028457,1459059028000,2016-03-27-2-10-28pm,gps,1.39549094,103.90486514,13.0,11.0,261.6,1.5
2016-03-27-2-10-38pm,1459059038457,1459059038000,2016-03-27-2-10-38pm,gps,1.39554248,103.90493624,14.0,14.699999809265137,257.5,0.25
2016-03-27-2-10-48pm,1459059048462,1459059048000,2016-03-27-2-10-48pm,gps,1.39557532,103.90494032,13.0,16.399999618530273,333.4,1.5
2016-03-27-2-10-58pm,1459059058463,1459059058000,2016-03-27-2-10-58pm,gps,1.39588382,103.90470306,14.0,15.800000190734863,319.8,4.0
2016-03-27-2-11-08pm,1459059068455,1459059068000,2016-03-27-2-11-08pm,gps,1.3957543,103.90454955,20.0,21.100000381469727,218.4,1.75
2016-03-27-2-11-27pm,1459059087482,1459059086392,2016-03-27-2-11-26pm,gps,1.39587813,103.9043277,9.0,31.799999237060547,-1.0,0.0
2016-03-27-2-11-37pm,1459059097417,1459059096392,2016-03-27-2-11-36pm,gps,1.39589255,103.90433642,9.0,26.299999237060547,-1.0,0.0
2016-03-27-2-11-47pm,1459059107477,1459059106392,2016-03-27-2-11-46pm,gps,1.39589423,103.9043366,9.0,25.600000381469727,-1.0,0.0
2016-03-27-2-11-57pm,1459059117725,1459059116392,2016-03-27-2-11-56pm,gps,1.39589453,103.90433717,9.0,25.799999237060547,-1.0,0.0
2016-03-27-2-12-09pm,1459059129387,1459059129342,2016-03-27-2-12-09pm,network,1.3961276,103.9042171,136.175,-1.0,-1.0,-1.0
2016-03-27-2-12-17pm,1459059137488,1459059136392,2016-03-27-2-12-16pm,gps,1.39589554,103.90433732,9.0,26.200000762939453,-1.0,0.0
2016-03-27-2-12-27pm,1459059147473,1459059146392,2016-03-27-2-12-26pm,gps,1.39589556,103.90433733,9.0,26.200000762939453,-1.0,0.0
2016-03-27-2-12-37pm,1459059157508,1459059156392,2016-03-27-2-12-36pm,gps,1.3959544,103.90424817,9.0,15.300000190734863,293.5,2.25
2016-03-27-2-12-48pm,1459059168482,1459059168000,2016-03-27-2-12-48pm,gps,1.3962704,103.90356184,10.0,13.600000381469727,303.5,11.0
2016-03-27-2-12-58pm,1459059178494,1459059178000,2016-03-27-2-12-58pm,gps,1.3971455,103.90240907,10.0,21.299999237060547,302.1,17.0
2016-03-27-2-13-09pm,1459059189150,1459059189122,2016-03-27-2-13-09pm,network,1.3963181,103.9040764,152.043,-1.0,-1.0,-1.0
2016-03-27-2-13-17pm,1459059197719,1459059196392,2016-03-27-2-13-16pm,gps,1.39842398,103.89978234,9.0,13.800000190734863,288.8,17.0
2016-03-27-2-13-29pm,1459059209434,1459059209378,2016-03-27-2-13-29pm,network,1.3964051,103.9039871,46.5,-1.0,-1.0,-1.0
2016-03-27-2-13-37pm,1459059217462,1459059216392,2016-03-27-2-13-36pm,gps,1.3991353,103.89691729,9.0,15.0,281.0,15.75
2016-03-27-2-13-47pm,1459059227508,1459059226392,2016-03-27-2-13-46pm,gps,1.399167,103.89606201,9.0,17.0,249.5,6.0
2016-03-27-2-13-58pm,1459059238471,1459059238000,2016-03-27-2-13-58pm,gps,1.39912155,103.89592235,11.0,13.899999618530273,236.7,0.75
2016-03-27-2-14-05pm,1459059245034,1459059229198,2016-03-27-2-13-49pm,network,1.3963439,103.9032431,31.5,-1.0,-1.0,-1.0
2016-03-27-2-14-18pm,1459059258482,1459059258000,2016-03-27-2-14-18pm,gps,1.39757265,103.89522362,11.0,16.0,198.1,14.5
2016-03-27-2-14-28pm,1459059268499,1459059268000,2016-03-27-2-14-28pm,gps,1.3963388,103.89478819,10.0,15.0,199.7,13.0
2016-03-27-2-14-48pm,1459059288473,1459059288000,2016-03-27-2-14-48pm,gps,1.3941942,103.8940761,11.0,14.600000381469727,197.8,12.25
2016-03-27-2-14-53pm,1459059293693,1459059289561,2016-03-27-2-14-49pm,network,1.3962529,103.8946164,241.947,-1.0,-1.0,-1.0
2016-03-27-2-15-08pm,1459059308508,1459059308000,2016-03-27-2-15-08pm,gps,1.39373916,103.89392549,10.0,14.100000381469727,-1.0,0.0
2016-03-27-2-15-28pm,1459059328484,1459059328000,2016-03-27-2-15-28pm,gps,1.39373997,103.89390834,10.0,13.800000190734863,-1.0,0.0
2016-03-27-2-15-38pm,1459059338475,1459059338000,2016-03-27-2-15-38pm,gps,1.39373936,103.89390744,10.0,13.800000190734863,-1.0,0.0
2016-03-27-2-15-48pm,1459059348498,1459059348000,2016-03-27-2-15-48pm,gps,1.39373926,103.89390731,14.0,13.600000381469727,-1.0,0.0
2016-03-27-2-15-58pm,1459059358501,1459059358000,2016-03-27-2-15-58pm,gps,1.39374936,103.89391534,12.0,13.399999618530273,-1.0,0.0
2016-03-27-2-16-08pm,1459059368501,1459059368000,2016-03-27-2-16-08pm,gps,1.39374897,103.89391585,12.0,13.399999618530273,-1.0,0.0
2016-03-27-2-16-27pm,1459059387492,1459059386392,2016-03-27-2-16-26pm,gps,1.39262398,103.89350704,9.0,21.0,187.4,2.0
2016-03-27-2-16-38pm,1459059398500,1459059398000,2016-03-27-2-16-38pm,gps,1.39248397,103.89344206,14.0,34.70000076293945,187.7,1.0
2016-03-27-2-16-48pm,1459059408542,1459059408000,2016-03-27-2-16-48pm,gps,1.39248474,103.89352907,11.0,37.0,-1.0,0.0
2016-03-27-2-16-58pm,1459059418489,1459059418000,2016-03-27-2-16-58pm,gps,1.39209396,103.89337446,12.0,38.599998474121094,205.5,7.0
2016-03-27-2-17-09pm,1459059429650,1459059429609,2016-03-27-2-17-09pm,network,1.3934897,103.8937434,30.0,-1.0,-1.0,-1.0
2016-03-27-2-17-17pm,1459059437550,1459059437000,2016-03-27-2-17-17pm,gps,1.39136728,103.89323038,10.0,42.099998474121094,-1.0,0.0
2016-03-27-2-17-28pm,1459059448513,1459059448000,2016-03-27-2-17-28pm,gps,1.39137198,103.89324146,11.0,39.400001525878906,-1.0,0.0
2016-03-27-2-17-38pm,1459059458489,1459059458000,2016-03-27-2-17-38pm,gps,1.39137962,103.89323869,11.0,40.79999923706055,-1.0,0.0
2016-03-27-2-17-48pm,1459059468491,1459059468000,2016-03-27-2-17-48pm,gps,1.39138103,103.89323815,11.0,40.900001525878906,-1.0,0.0
2016-03-27-2-17-58pm,1459059478509,1459059478000,2016-03-27-2-17-58pm,gps,1.39139029,103.89323515,11.0,40.599998474121094,-1.0,0.0
2016-03-27-2-18-08pm,1459059488489,1459059488000,2016-03-27-2-18-08pm,gps,1.39058529,103.89292093,11.0,42.70000076293945,198.8,11.75
2016-03-27-2-18-28pm,1459059508507,1459059508000,2016-03-27-2-18-28pm,gps,1.38897992,103.89235172,11.0,37.29999923706055,193.8,11.0
2016-03-27-2-18-38pm,1459059518492,1459059518000,2016-03-27-2-18-38pm,gps,1.38852478,103.89221956,11.0,35.29999923706055,218.3,0.5
2016-03-27-2-18-48pm,1459059528512,1459059528000,2016-03-27-2-18-48pm,gps,1.38851623,103.89222086,11.0,39.29999923706055,-1.0,0.0
2016-03-27-2-18-58pm,1459059538495,1459059538000,2016-03-27-2-18-58pm,gps,1.3885113,103.89219724,11.0,35.400001525878906,193.2,2.75
2016-03-27-2-19-08pm,1459059548494,1459059548000,2016-03-27-2-19-08pm,gps,1.38770366,103.8918352,11.0,34.0,203.3,9.75
2016-03-27-2-19-18pm,1459059558523,1459059558000,2016-03-27-2-19-18pm,gps,1.38709269,103.89161623,12.0,31.799999237060547,173.7,2.25
2016-03-27-2-19-28pm,1459059568534,1459059568000,2016-03-27-2-19-28pm,gps,1.38703369,103.89156263,13.0,31.899999618530273,221.3,0.5
2016-03-27-2-19-38pm,1459059578511,1459059578000,2016-03-27-2-19-38pm,gps,1.38698821,103.89159276,16.0,30.600000381469727,221.3,0.5
2016-03-27-2-19-48pm,1459059588512,1459059588000,2016-03-27-2-19-48pm,gps,1.38694859,103.89157321,16.0,30.799999237060547,-1.0,0.0
2016-03-27-2-19-55pm,1459059595526,1459059589617,2016-03-27-2-19-49pm,network,1.3874312,103.8916585,30.0,-1.0,-1.0,-1.0
2016-03-27-2-20-08pm,1459059608499,1459059608000,2016-03-27-2-20-08pm,gps,1.38691468,103.89153815,14.0,38.70000076293945,-1.0,0.0
2016-03-27-2-20-18pm,1459059618522,1459059618000,2016-03-27-2-20-18pm,gps,1.38693073,103.89155579,14.0,39.79999923706055,-1.0,0.0
2016-03-27-2-20-28pm,1459059628505,1459059628000,2016-03-27-2-20-28pm,gps,1.38674662,103.89150805,12.0,40.29999923706055,196.1,6.0
2016-03-27-2-20-38pm,1459059638553,1459059638000,2016-03-27-2-20-38pm,gps,1.38594901,103.89123023,14.0,29.899999618530273,197.5,8.5
2016-03-27-2-20-48pm,1459059648516,1459059648000,2016-03-27-2-20-48pm,gps,1.38598882,103.89123774,12.0,23.5,-1.0,0.0
2016-03-27-2-20-58pm,1459059658500,1459059658000,2016-03-27-2-20-58pm,gps,1.38600349,103.89125686,11.0,19.200000762939453,203.7,2.75
2016-03-27-2-21-08pm,1459059668503,1459059668000,2016-03-27-2-21-08pm,gps,1.38516319,103.8909866,11.0,17.200000762939453,197.8,10.0
2016-03-27-2-21-18pm,1459059678515,1459059678000,2016-03-27-2-21-18pm,gps,1.38419285,103.89040337,12.0,24.299999237060547,222.3,12.5
2016-03-27-2-21-38pm,1459059698506,1459059698000,2016-03-27-2-21-38pm,gps,1.38325907,103.88976589,12.0,20.700000762939453,-1.0,0.0
2016-03-27-2-21-48pm,1459059708508,1459059708000,2016-03-27-2-21-48pm,gps,1.38325494,103.88974447,11.0,15.300000190734863,-1.0,0.0
2016-03-27-2-22-07pm,1459059727546,1459059726392,2016-03-27-2-22-06pm,gps,1.38249496,103.88912586,9.0,19.100000381469727,222.9,2.5
2016-03-27-2-22-13pm,1459059733426,1459059729105,2016-03-27-2-22-09pm,network,1.3829569,103.8895688,400.0,-1.0,-1.0,-1.0
2016-03-27-2-22-27pm,1459059747542,1459059746392,2016-03-27-2-22-26pm,gps,1.38200041,103.88872913,9.0,20.799999237060547,216.7,8.5
2016-03-27-2-22-38pm,1459059758512,1459059758000,2016-03-27-2-22-38pm,gps,1.38146384,103.88827058,14.0,21.299999237060547,233.3,4.5
2016-03-27-2-22-48pm,1459059768513,1459059768000,2016-03-27-2-22-48pm,gps,1.38148709,103.88835818,10.0,20.399999618530273,-1.0,0.0
2016-03-27-2-22-58pm,1459059778554,1459059778000,2016-03-27-2-22-58pm,gps,1.38146708,103.88836432,11.0,21.299999237060547,-1.0,0.0
2016-03-27-2-23-05pm,1459059785994,1459059780945,2016-03-27-2-23-00pm,network,1.3816397,103.8883398,31.5,-1.0,-1.0,-1.0
2016-03-27-2-23-20pm,1459059800964,1459059800909,2016-03-27-2-23-20pm,network,1.3816395,103.8883376,20.376,-1.0,-1.0,-1.0
2016-03-27-2-23-28pm,1459059808521,1459059808000,2016-03-27-2-23-28pm,gps,1.38010135,103.88713647,10.0,24.700000762939453,219.5,13.0
2016-03-27-2-23-38pm,1459059818512,1459059818000,2016-03-27-2-23-38pm,gps,1.3795205,103.88648367,12.0,25.200000762939453,238.8,7.5
2016-03-27-2-23-48pm,1459059828508,1459059828000,2016-03-27-2-23-48pm,gps,1.37926804,103.88533232,12.0,23.299999237060547,266.0,12.75
2016-03-27-2-23-58pm,1459059838551,1459059838000,2016-03-27-2-23-58pm,gps,1.37914288,103.88475286,12.0,18.600000381469727,229.1,2.25
2016-03-27-2-24-08pm,1459059848525,1459059848000,2016-03-27-2-24-08pm,gps,1.37911113,103.88469144,12.0,13.199999809265137,234.0,0.25
2016-03-27-2-24-24pm,1459059864363,1459059860932,2016-03-27-2-24-20pm,network,1.3792103,103.8847971,127.5,-1.0,-1.0,-1.0
2016-03-27-2-24-38pm,1459059878512,1459059878000,2016-03-27-2-24-38pm,gps,1.37836797,103.88467081,10.0,10.300000190734863,179.8,3.5
2016-03-27-2-24-48pm,1459059888521,1459059888000,2016-03-27-2-24-48pm,gps,1.37826072,103.88469982,11.0,12.5,166.6,0.5
2016-03-27-2-24-58pm,1459059898518,1459059898000,2016-03-27-2-24-58pm,gps,1.37831262,103.88467527,11.0,15.699999809265137,-1.0,0.0
2016-03-27-2-25-08pm,1459059908522,1459059908000,2016-03-27-2-25-08pm,gps,1.37805573,103.88463123,10.0,13.300000190734863,179.1,6.5
2016-03-27-2-25-18pm,1459059918522,1459059918000,2016-03-27-2-25-18pm,gps,1.37773508,103.88462763,10.0,8.399999618530273,-1.0,0.0
2016-03-27-2-25-37pm,1459059937530,1459059936392,2016-03-27-2-25-36pm,gps,1.37667698,103.88470546,9.0,18.200000762939453,168.5,9.5
2016-03-27-2-25-48pm,1459059948543,1459059948000,2016-03-27-2-25-48pm,gps,1.37629422,103.88471766,11.0,31.5,211.9,0.75
2016-03-27-2-25-58pm,1459059958524,1459059958000,2016-03-27-2-25-58pm,gps,1.37627814,103.88471313,11.0,31.200000762939453,355.6,0.25
2016-03-27-2-26-08pm,1459059968527,1459059968000,2016-03-27-2-26-08pm,gps,1.37588543,103.88469741,11.0,18.399999618530273,174.9,6.5
2016-03-27-2-26-18pm,1459059978520,1459059978000,2016-03-27-2-26-18pm,gps,1.37516079,103.88496413,11.0,22.600000381469727,140.5,4.75
2016-03-27-2-26-38pm,1459059998541,1459059998000,2016-03-27-2-26-38pm,gps,1.37508633,103.88497593,10.0,27.700000762939453,-1.0,0.0
2016-03-27-2-26-57pm,1459060017542,1459060016392,2016-03-27-2-26-56pm,gps,1.3750883,103.88497147,9.0,27.700000762939453,-1.0,0.0
2016-03-27-2-27-07pm,1459060027531,1459060026392,2016-03-27-2-27-06pm,gps,1.37507554,103.88499649,9.0,27.200000762939453,123.6,1.0
2016-03-27-2-27-18pm,1459060038533,1459060038000,2016-03-27-2-27-18pm,gps,1.37444603,103.88468496,11.0,36.900001525878906,227.6,9.75
2016-03-27-2-27-28pm,1459060048561,1459060048000,2016-03-27-2-27-28pm,gps,1.37444361,103.88373926,15.0,34.400001525878906,273.8,10.25
2016-03-27-2-27-38pm,1459060058551,1459060058000,2016-03-27-2-27-38pm,gps,1.37436237,103.88359916,11.0,32.900001525878906,253.2,0.5
2016-03-27-2-27-57pm,1459060077455,1459060076392,2016-03-27-2-27-56pm,gps,1.37439667,103.88357086,9.0,32.79999923706055,270.4,3.25
2016-03-27-2-28-08pm,1459060088531,1459060088000,2016-03-27-2-28-08pm,gps,1.37424407,103.88284899,19.0,33.5,257.9,10.25
2016-03-27-2-28-18pm,1459060098530,1459060098000,2016-03-27-2-28-18pm,gps,1.37493425,103.88133558,15.0,29.5,281.5,11.0
2016-03-27-2-28-26pm,1459060106163,1459060101554,2016-03-27-2-28-21pm,network,1.3746123,103.8842875,196.5,-1.0,-1.0,-1.0
2016-03-27-2-28-39pm,1459060119558,1459060119000,2016-03-27-2-28-39pm,gps,1.37493635,103.88072532,22.0,30.100000381469727,213.5,1.75
2016-03-27-2-28-58pm,1459060138541,1459060138000,2016-03-27-2-28-58pm,gps,1.37493392,103.88033698,11.0,31.600000381469727,272.7,3.0
2016-03-27-2-29-08pm,1459060148541,1459060148000,2016-03-27-2-29-08pm,gps,1.37498185,103.87982944,13.0,31.799999237060547,277.3,8.5
2016-03-27-2-29-18pm,1459060158537,1459060158000,2016-03-27-2-29-18pm,gps,1.3749066,103.87880474,15.0,30.299999237060547,269.4,10.25
2016-03-27-2-29-27pm,1459060167819,1459060161457,2016-03-27-2-29-21pm,network,1.3752068,103.8810721,81.361,-1.0,-1.0,-1.0
2016-03-27-2-29-38pm,1459060178542,1459060178000,2016-03-27-2-29-38pm,gps,1.37491314,103.87847101,13.0,31.799999237060547,188.7,1.0
2016-03-27-2-29-43pm,1459060183649,1459060181589,2016-03-27-2-29-41pm,network,1.3752068,103.8803994,82.785,-1.0,-1.0,-1.0
2016-03-27-2-29-58pm,1459060198573,1459060198000,2016-03-27-2-29-58pm,gps,1.37481891,103.87825231,11.0,32.79999923706055,-1.0,0.0
2016-03-27-2-30-08pm,1459060208542,1459060208000,2016-03-27-2-30-08pm,gps,1.37484363,103.87812638,11.0,33.900001525878906,270.8,4.5
2016-03-27-2-30-18pm,1459060218552,1459060218000,2016-03-27-2-30-18pm,gps,1.37488335,103.87778266,11.0,13.899999618530273,286.6,2.5
2016-03-27-2-30-28pm,1459060228598,1459060228000,2016-03-27-2-30-28pm,gps,1.37491283,103.87748858,11.0,11.399999618530273,263.4,2.5
2016-03-27-2-30-38pm,1459060238598,1459060238000,2016-03-27-2-30-38pm,gps,1.37435854,103.87730116,13.0,12.5,170.7,7.0
2016-03-27-2-30-48pm,1459060248551,1459060248000,2016-03-27-2-30-48pm,gps,1.37332183,103.8770695,13.0,33.29999923706055,187.9,13.25
2016-03-27-2-30-58pm,1459060258600,1459060258000,2016-03-27-2-30-58pm,gps,1.37225284,103.87694464,12.0,36.79999923706055,181.5,8.0
2016-03-27-2-31-08pm,1459060268548,1459060268000,2016-03-27-2-31-08pm,gps,1.37203138,103.87686996,11.0,34.5,210.2,1.5
2016-03-27-2-31-18pm,1459060278602,1459060278000,2016-03-27-2-31-18pm,gps,1.37203558,103.87687002,11.0,33.400001525878906,-1.0,0.0
2016-03-27-2-31-23pm,1459060283802,1459060281829,2016-03-27-2-31-21pm,network,1.3748531,103.8774595,37.5,-1.0,-1.0,-1.0
2016-03-27-2-31-38pm,1459060298547,1459060298000,2016-03-27-2-31-38pm,gps,1.37008371,103.87654267,13.0,37.20000076293945,186.1,12.5
2016-03-27-2-31-44pm,1459060304325,1459060301687,2016-03-27-2-31-41pm,network,1.3716686,103.8767629,241.273,-1.0,-1.0,-1.0
2016-03-27-2-31-58pm,1459060318569,1459060318000,2016-03-27-2-31-58pm,gps,1.36886482,103.87628741,16.0,33.79999923706055,197.2,3.25
2016-03-27-2-32-08pm,1459060328563,1459060328000,2016-03-27-2-32-08pm,gps,1.36879638,103.87625837,12.0,35.20000076293945,193.4,3.25
2016-03-27-2-32-18pm,1459060338551,1459060338000,2016-03-27-2-32-18pm,gps,1.36871973,103.87626896,11.0,36.29999923706055,191.6,0.25
2016-03-27-2-32-28pm,1459060348592,1459060348000,2016-03-27-2-32-28pm,gps,1.36874483,103.87628683,10.0,33.5,-1.0,0.0
2016-03-27-2-32-38pm,1459060358614,1459060358000,2016-03-27-2-32-38pm,gps,1.36831185,103.87614931,11.0,34.79999923706055,194.8,9.0
2016-03-27-2-32-44pm,1459060364585,1459060361899,2016-03-27-2-32-41pm,network,1.3685243,103.8759811,39.0,-1.0,-1.0,-1.0
2016-03-27-2-32-58pm,1459060378564,1459060378000,2016-03-27-2-32-58pm,gps,1.3666184,103.87536719,13.0,29.5,216.3,8.25
2016-03-27-2-33-08pm,1459060388580,1459060388000,2016-03-27-2-33-08pm,gps,1.36623299,103.87528238,11.0,29.0,212.0,3.75
2016-03-27-2-33-18pm,1459060398592,1459060398000,2016-03-27-2-33-18pm,gps,1.36557511,103.87490491,11.0,26.899999618530273,205.8,10.0
2016-03-27-2-33-28pm,1459060408554,1459060408000,2016-03-27-2-33-28pm,gps,1.36465651,103.87447204,12.0,29.799999237060547,207.4,9.75
2016-03-27-2-33-38pm,1459060418557,1459060418000,2016-03-27-2-33-38pm,gps,1.36399135,103.87417991,12.0,25.899999618530273,203.0,6.75
2016-03-27-2-33-48pm,1459060428570,1459060428000,2016-03-27-2-33-48pm,gps,1.36358094,103.87399291,11.0,24.700000762939453,201.5,4.0
2016-03-27-2-33-58pm,1459060438561,1459060438000,2016-03-27-2-33-58pm,gps,1.36310551,103.87367465,12.0,24.399999618530273,222.3,7.25
2016-03-27-2-34-08pm,1459060448561,1459060448000,2016-03-27-2-34-08pm,gps,1.3623329,103.87339873,10.0,28.799999237060547,181.9,8.5
2016-03-27-2-34-27pm,1459060467485,1459060466392,2016-03-27-2-34-26pm,gps,1.36156314,103.87358031,9.0,32.29999923706055,159.1,2.5
2016-03-27-2-34-37pm,1459060477541,1459060476392,2016-03-27-2-34-36pm,gps,1.36119556,103.87366029,9.0,34.099998474121094,170.1,4.75
2016-03-27-2-34-47pm,1459060487612,1459060486392,2016-03-27-2-34-46pm,gps,1.36083921,103.87374818,9.0,32.0,163.1,0.75
2016-03-27-2-34-57pm,1459060497521,1459060496392,2016-03-27-2-34-56pm,gps,1.36081523,103.87371361,9.0,32.70000076293945,-1.0,0.0
2016-03-27-2-35-05pm,1459060505942,1459060503017,2016-03-27-2-35-03pm,network,1.36139,103.8735721,49.5,-1.0,-1.0,-1.0
2016-03-27-2-35-23pm,1459060523002,1459060522947,2016-03-27-2-35-22pm,network,1.3612366,103.8735953,45.878,-1.0,-1.0,-1.0
2016-03-27-2-35-42pm,1459060542971,1459060542914,2016-03-27-2-35-42pm,network,1.3608892,103.8736502,37.5,-1.0,-1.0,-1.0
2016-03-27-2-35-48pm,1459060548592,1459060548000,2016-03-27-2-35-48pm,gps,1.35925778,103.87409949,12.0,31.0,164.1,9.25
