2016-03-27-12-30-38pm,1459053038243,5.000305,3
2016-03-27-12-30-50pm,1459053050581,0.0,3
2016-03-27-1-01-10pm,1459054870519,5.000305,3
2016-03-27-1-01-11pm,1459054871316,0.0,3
2016-03-27-1-04-16pm,1459055056843,5.000305,3
2016-03-27-1-07-57pm,1459055277117,0.0,3
2016-03-27-1-07-58pm,1459055278049,5.000305,3
2016-03-27-1-08-02pm,1459055282927,0.0,3
2016-03-27-1-08-03pm,1459055283238,5.000305,3
2016-03-27-1-08-07pm,1459055287497,0.0,3
2016-03-27-1-08-07pm,1459055287506,5.000305,3
2016-03-27-1-09-55pm,1459055395277,0.0,3
2016-03-27-1-09-55pm,1459055395381,5.000305,3
2016-03-27-1-12-24pm,1459055544839,0.0,3
2016-03-27-1-12-25pm,1459055545517,5.000305,3
2016-03-27-1-12-33pm,1459055553203,0.0,3
2016-03-27-1-12-34pm,1459055554812,5.000305,3
2016-03-27-1-12-36pm,1459055556677,0.0,3
2016-03-27-1-12-36pm,1459055556929,5.000305,3
2016-03-27-1-13-28pm,1459055608414,0.0,3
2016-03-27-1-13-28pm,1459055608433,5.000305,3
2016-03-27-1-14-46pm,1459055686724,0.0,3
2016-03-27-1-14-46pm,1459055686739,5.000305,3
2016-03-27-1-14-46pm,1459055686774,0.0,3
2016-03-27-1-14-46pm,1459055686951,5.000305,3
2016-03-27-1-15-01pm,1459055701306,0.0,3
2016-03-27-1-15-01pm,1459055701759,5.000305,3
2016-03-27-1-15-17pm,1459055717150,0.0,3
2016-03-27-1-15-17pm,1459055717152,5.000305,3
2016-03-27-1-18-20pm,1459055900170,0.0,3
2016-03-27-1-18-21pm,1459055901461,5.000305,3
2016-03-27-1-18-40pm,1459055920093,0.0,3
2016-03-27-1-18-40pm,1459055920446,5.000305,3
2016-03-27-1-18-44pm,1459055924713,0.0,3
2016-03-27-1-18-45pm,1459055925452,5.000305,3
2016-03-27-1-18-48pm,1459055928671,0.0,3
2016-03-27-1-18-48pm,1459055928726,5.000305,3
2016-03-27-1-18-48pm,1459055928850,0.0,3
2016-03-27-1-18-48pm,1459055928854,5.000305,3
2016-03-27-1-18-56pm,1459055936510,0.0,3
2016-03-27-1-18-57pm,1459055937313,5.000305,3
2016-03-27-1-18-58pm,1459055938726,0.0,3
2016-03-27-1-19-00pm,1459055940333,5.000305,3
2016-03-27-1-19-04pm,1459055944973,0.0,3
2016-03-27-1-19-05pm,1459055945370,5.000305,3
2016-03-27-1-19-19pm,1459055959474,0.0,3
2016-03-27-1-19-19pm,1459055959546,5.000305,3
2016-03-27-1-19-20pm,1459055960566,0.0,3
2016-03-27-1-19-21pm,1459055961213,5.000305,3
2016-03-27-1-19-23pm,1459055963321,0.0,3
2016-03-27-1-19-24pm,1459055964006,5.000305,3
2016-03-27-1-19-26pm,1459055966139,0.0,3
2016-03-27-1-19-26pm,1459055966341,5.000305,3
2016-03-27-1-19-27pm,1459055967120,0.0,3
2016-03-27-1-19-27pm,1459055967126,5.000305,3
2016-03-27-1-19-49pm,1459055989305,0.0,3
2016-03-27-1-19-49pm,1459055989482,5.000305,3
2016-03-27-1-19-54pm,1459055994076,0.0,3
2016-03-27-1-19-54pm,1459055994122,5.000305,3
2016-03-27-1-20-03pm,1459056003891,0.0,3
2016-03-27-1-20-04pm,1459056004413,5.000305,3
2016-03-27-1-20-31pm,1459056031507,0.0,3
2016-03-27-1-20-31pm,1459056031831,5.000305,3
2016-03-27-1-20-42pm,1459056042485,0.0,3
2016-03-27-1-20-42pm,1459056042872,5.000305,3
2016-03-27-1-21-36pm,1459056096421,5.000305,3
2016-03-27-1-23-47pm,1459056227528,0.0,3
2016-03-27-1-23-48pm,1459056228233,5.000305,3
2016-03-27-1-24-11pm,1459056251572,0.0,3
2016-03-27-1-24-12pm,1459056252683,5.000305,3
2016-03-27-1-24-20pm,1459056260028,0.0,3
2016-03-27-1-24-20pm,1459056260653,5.000305,3
2016-03-27-1-24-20pm,1459056260664,0.0,3
2016-03-27-1-24-20pm,1459056260666,5.000305,3
2016-03-27-1-24-25pm,1459056265105,0.0,3
2016-03-27-1-24-25pm,1459056265471,5.000305,3
2016-03-27-1-24-27pm,1459056267402,0.0,3
2016-03-27-1-24-28pm,1459056268069,5.000305,3
2016-03-27-1-24-28pm,1459056268132,0.0,3
2016-03-27-1-24-28pm,1459056268173,5.000305,3
2016-03-27-1-24-28pm,1459056268997,0.0,3
2016-03-27-1-24-29pm,1459056269013,5.000305,3
2016-03-27-1-24-35pm,1459056275021,0.0,3
2016-03-27-1-24-36pm,1459056276147,5.000305,3
2016-03-27-1-24-38pm,1459056278541,0.0,3
2016-03-27-1-24-38pm,1459056278543,5.000305,3
2016-03-27-1-24-38pm,1459056278544,0.0,3
2016-03-27-1-24-38pm,1459056278618,5.000305,3
2016-03-27-1-24-44pm,1459056284182,0.0,3
2016-03-27-1-24-44pm,1459056284185,5.000305,3
2016-03-27-1-24-44pm,1459056284581,0.0,3
2016-03-27-1-24-44pm,1459056284591,5.000305,3
2016-03-27-1-24-48pm,1459056288833,0.0,3
2016-03-27-1-24-48pm,1459056288834,5.000305,3
2016-03-27-1-26-14pm,1459056374627,0.0,3
2016-03-27-1-26-17pm,1459056377045,5.000305,3
2016-03-27-1-26-18pm,1459056378857,0.0,3
2016-03-27-1-26-32pm,1459056392764,5.000305,3
2016-03-27-1-26-33pm,1459056393360,0.0,3
2016-03-27-1-26-35pm,1459056395373,5.000305,3
2016-03-27-1-26-36pm,1459056396153,0.0,3
2016-03-27-1-26-38pm,1459056398198,5.000305,3
2016-03-27-1-26-53pm,1459056413705,0.0,3
2016-03-27-1-26-54pm,1459056414716,5.000305,3
2016-03-27-1-26-56pm,1459056416722,0.0,3
2016-03-27-1-26-57pm,1459056417733,5.000305,3
2016-03-27-1-29-33pm,1459056573241,0.0,3
2016-03-27-1-29-33pm,1459056573448,5.000305,3
2016-03-27-1-29-39pm,1459056579590,0.0,3
2016-03-27-1-29-40pm,1459056580505,5.000305,3
2016-03-27-1-29-46pm,1459056586677,0.0,3
2016-03-27-1-29-46pm,1459056586681,5.000305,3
2016-03-27-1-30-57pm,1459056657343,0.0,3
2016-03-27-1-30-57pm,1459056657666,5.000305,3
2016-03-27-1-31-38pm,1459056698357,0.0,3
2016-03-27-1-31-38pm,1459056698637,5.000305,3
2016-03-27-1-36-32pm,1459056992628,0.0,3
2016-03-27-1-36-32pm,1459056992631,5.000305,3
2016-03-27-1-44-32pm,1459057472847,0.0,3
2016-03-27-1-44-32pm,1459057472860,5.000305,3
2016-03-27-1-45-00pm,1459057500647,0.0,3
2016-03-27-1-45-00pm,1459057500651,5.000305,3
2016-03-27-1-45-01pm,1459057501452,0.0,3
2016-03-27-1-45-03pm,1459057503062,5.000305,3
2016-03-27-1-54-09pm,1459058049476,0.0,3
2016-03-27-1-54-09pm,1459058049983,5.000305,3
2016-03-27-1-56-26pm,1459058186507,0.0,3
2016-03-27-1-56-26pm,1459058186546,5.000305,3
2016-03-27-2-11-03pm,1459059063987,0.0,3
2016-03-27-2-11-05pm,1459059065390,5.000305,3
2016-03-27-2-11-07pm,1459059067202,0.0,3
2016-03-27-2-11-08pm,1459059068411,5.000305,3
2016-03-27-2-11-08pm,1459059068445,0.0,3
2016-03-27-2-11-08pm,1459059068473,5.000305,3
2016-03-27-2-15-41pm,1459059341731,0.0,3
2016-03-27-2-15-58pm,1459059358076,5.000305,3
2016-03-27-2-16-03pm,1459059363112,0.0,3
2016-03-27-2-16-03pm,1459059363713,5.000305,3
2016-03-27-2-16-06pm,1459059366507,0.0,3
2016-03-27-2-17-06pm,1459059426096,5.000305,3
2016-03-27-2-25-29pm,1459059929341,0.0,3
2016-03-27-2-25-30pm,1459059930549,5.000305,3
2016-03-27-2-25-33pm,1459059933569,0.0,3
2016-03-27-2-25-33pm,1459059933571,5.000305,3
2016-03-27-2-27-27pm,1459060047163,0.0,3
2016-03-27-2-27-29pm,1459060049316,5.000305,3
2016-03-27-2-27-29pm,1459060049842,0.0,3
2016-03-27-2-27-35pm,1459060055039,5.000305,3
2016-03-27-2-27-37pm,1459060057452,0.0,3
2016-03-27-2-29-20pm,1459060160386,5.000305,3
2016-03-27-2-29-20pm,1459060160388,0.0,3
2016-03-27-2-29-20pm,1459060160950,5.000305,3
2016-03-27-2-29-20pm,1459060160993,0.0,3
2016-03-27-2-29-25pm,1459060165825,5.000305,3
2016-03-27-2-29-29pm,1459060169051,0.0,3
2016-03-27-2-29-29pm,1459060169857,5.000305,3
2016-03-27-2-29-31pm,1459060171882,0.0,3
2016-03-27-2-29-31pm,1459060171885,5.000305,3
2016-03-27-2-29-39pm,1459060179522,0.0,3
2016-03-27-2-29-51pm,1459060191238,5.000305,3
2016-03-27-2-29-51pm,1459060191244,0.0,3
2016-03-27-2-30-25pm,1459060225248,5.000305,3
2016-03-27-2-30-27pm,1459060227464,0.0,3
2016-03-27-2-30-40pm,1459060240356,5.000305,3
2016-03-27-2-30-41pm,1459060241197,0.0,3
2016-03-27-2-30-41pm,1459060241217,5.000305,3
2016-03-27-2-30-43pm,1459060243826,0.0,3
2016-03-27-2-30-48pm,1459060248212,5.000305,3
2016-03-27-2-30-50pm,1459060250025,0.0,3
2016-03-27-2-31-25pm,1459060285528,5.000305,3
2016-03-27-2-31-26pm,1459060286085,0.0,3
2016-03-27-2-31-27pm,1459060287899,5.000305,3
2016-03-27-2-31-28pm,1459060288298,0.0,3
2016-03-27-2-31-31pm,1459060291461,5.000305,3
2016-03-27-2-31-32pm,1459060292338,0.0,3
2016-03-27-2-32-06pm,1459060326974,5.000305,3
