2016-03-23-9-49-08am,1458697748473,1458697748352,2016-03-23-9-49-08am,network,1.3780068,103.9331463,52.376,-1.0,-1.0,-1.0
2016-03-23-9-49-17am,1458697757130,1458697757000,2016-03-23-9-49-17am,gps,1.37818364,103.9332583,47.0,89.80000305175781,-1.0,0.0
2016-03-23-9-49-28am,1458697768457,1458697768384,2016-03-23-9-49-28am,network,1.3780008,103.9331535,52.469,-1.0,-1.0,-1.0
2016-03-23-9-49-50am,1458697790919,1458697790865,2016-03-23-9-49-50am,network,1.3780343,103.9331642,49.338,-1.0,-1.0,-1.0
2016-03-23-9-50-10am,1458697810877,1458697810827,2016-03-23-9-50-10am,network,1.3780186,103.9331369,51.978,-1.0,-1.0,-1.0
2016-03-23-9-50-30am,1458697830930,1458697830851,2016-03-23-9-50-30am,network,1.3780537,103.933185,46.773,-1.0,-1.0,-1.0
2016-03-23-9-50-37am,1458697837080,1458697837000,2016-03-23-9-50-37am,gps,1.37823665,103.93326774,89.0,102.4000015258789,-1.0,0.0
2016-03-23-9-50-51am,1458697851082,1458697851019,2016-03-23-9-50-51am,network,1.3780129,103.9331642,50.989,-1.0,-1.0,-1.0
2016-03-23-9-51-02am,1458697862068,1458697862000,2016-03-23-9-51-02am,gps,1.37822793,103.9332654,43.0,102.0999984741211,-1.0,0.0
2016-03-23-9-51-11am,1458697871032,1458697870985,2016-03-23-9-51-10am,network,1.3780348,103.9331724,48.877,-1.0,-1.0,-1.0
2016-03-23-9-51-21am,1458697881079,1458697881000,2016-03-23-9-51-21am,gps,1.37822042,103.9332625,28.0,102.0,-1.0,0.0
2016-03-23-9-51-30am,1458697890957,1458697890929,2016-03-23-9-51-30am,network,1.3780264,103.9331573,50.303,-1.0,-1.0,-1.0
2016-03-23-9-51-48am,1458697908071,1458697908000,2016-03-23-9-51-48am,gps,1.37821647,103.93325994,69.0,102.0,-1.0,0.0
2016-03-23-9-52-10am,1458697930963,1458697930942,2016-03-23-9-52-10am,network,1.3780264,103.9331573,50.303,-1.0,-1.0,-1.0
2016-03-23-9-52-32am,1458697952086,1458697952056,2016-03-23-9-52-32am,network,1.3780318,103.9331473,50.423,-1.0,-1.0,-1.0
2016-03-23-9-52-47am,1458697967083,1458697967000,2016-03-23-9-52-47am,gps,1.37822701,103.93326491,74.0,101.30000305175781,-1.0,0.0
2016-03-23-9-52-52am,1458697972118,1458697972088,2016-03-23-9-52-52am,network,1.3780408,103.9331623,48.942,-1.0,-1.0,-1.0
2016-03-23-9-53-12am,1458697992099,1458697992045,2016-03-23-9-53-12am,network,1.3780153,103.9331253,52.856,-1.0,-1.0,-1.0
2016-03-23-9-53-24am,1458698004128,1458698004000,2016-03-23-9-53-24am,gps,1.37821744,103.93325756,73.0,102.5999984741211,-1.0,0.0
2016-03-23-9-53-32am,1458698012143,1458698012082,2016-03-23-9-53-32am,network,1.3780049,103.9331253,53.635,-1.0,-1.0,-1.0
2016-03-23-9-53-50am,1458698030157,1458698030000,2016-03-23-9-53-50am,gps,1.3782176,103.9332583,62.0,102.80000305175781,-1.0,0.0
2016-03-23-9-54-12am,1458698052231,1458698052195,2016-03-23-9-54-12am,network,1.3780224,103.9331522,50.875,-1.0,-1.0,-1.0
2016-03-23-9-54-32am,1458698072176,1458698072000,2016-03-23-9-54-32am,gps,1.37821238,103.93326618,47.0,101.4000015258789,-1.0,0.0
2016-03-23-9-54-51am,1458698091124,1458698091000,2016-03-23-9-54-51am,gps,1.3782125,103.9332905,48.0,97.30000305175781,-1.0,0.0
2016-03-23-9-55-10am,1458698110102,1458698110000,2016-03-23-9-55-10am,gps,1.37821783,103.93330279,48.0,95.0,-1.0,0.0
2016-03-23-9-55-33am,1458698133581,1458698133544,2016-03-23-9-55-33am,network,1.3780495,103.9331584,48.492,-1.0,-1.0,-1.0
2016-03-23-9-55-53am,1458698153698,1458698153659,2016-03-23-9-55-53am,network,1.3780487,103.9331537,48.807,-1.0,-1.0,-1.0
2016-03-23-9-56-13am,1458698173641,1458698173576,2016-03-23-9-56-13am,network,1.3780556,103.9331672,47.56,-1.0,-1.0,-1.0
2016-03-23-9-56-23am,1458698183156,1458698183000,2016-03-23-9-56-23am,gps,1.3782323,103.93330541,66.0,93.9000015258789,-1.0,0.0
2016-03-23-9-56-33am,1458698193578,1458698193548,2016-03-23-9-56-33am,network,1.3780491,103.933157,48.598,-1.0,-1.0,-1.0
2016-03-23-9-56-49am,1458698209134,1458698209000,2016-03-23-9-56-49am,gps,1.37823103,103.93330582,59.0,93.30000305175781,-1.0,0.0
2016-03-23-9-56-54am,1458698214721,1458698214660,2016-03-23-9-56-54am,network,1.3780519,103.9331695,47.718,-1.0,-1.0,-1.0
2016-03-23-9-57-14am,1458698234738,1458698234696,2016-03-23-9-57-14am,network,1.3780294,103.9331466,50.642,-1.0,-1.0,-1.0
2016-03-23-9-57-30am,1458698250123,1458698250000,2016-03-23-9-57-30am,gps,1.37823035,103.93330603,82.0,92.5,-1.0,0.0
2016-03-23-9-57-54am,1458698274910,1458698274862,2016-03-23-9-57-54am,network,1.3780303,103.9331464,50.585,-1.0,-1.0,-1.0
2016-03-23-9-58-15am,1458698295002,1458698294978,2016-03-23-9-58-14am,network,1.3780332,103.9331512,50.108,-1.0,-1.0,-1.0
2016-03-23-9-58-35am,1458698315075,1458698315021,2016-03-23-9-58-35am,network,1.3780309,103.9331502,50.336,-1.0,-1.0,-1.0
2016-03-23-9-58-55am,1458698335103,1458698335065,2016-03-23-9-58-55am,network,1.3780337,103.9331456,50.372,-1.0,-1.0,-1.0
2016-03-23-9-59-04am,1458698344175,1458698344000,2016-03-23-9-59-04am,gps,1.37820105,103.93333993,57.0,80.30000305175781,-1.0,0.0
2016-03-23-9-59-14am,1458698354937,1458698354905,2016-03-23-9-59-14am,network,1.3780336,103.9331495,50.169,-1.0,-1.0,-1.0
2016-03-23-9-59-35am,1458698375071,1458698375043,2016-03-23-9-59-35am,network,1.3780322,103.933145,50.517,-1.0,-1.0,-1.0
2016-03-23-9-59-54am,1458698394988,1458698394953,2016-03-23-9-59-54am,network,1.3780163,103.9331597,50.954,-1.0,-1.0,-1.0
2016-03-23-10-00-15am,1458698415159,1458698415131,2016-03-23-10-00-15am,network,1.3780319,103.9331489,50.33,-1.0,-1.0,-1.0
2016-03-23-10-00-27am,1458698427105,1458698427000,2016-03-23-10-00-27am,gps,1.37819124,103.93333121,146.0,80.5999984741211,-1.0,0.0
2016-03-23-10-00-35am,1458698435073,1458698435037,2016-03-23-10-00-35am,network,1.378031,103.9331468,50.511,-1.0,-1.0,-1.0
2016-03-23-10-00-55am,1458698455125,1458698455056,2016-03-23-10-00-55am,network,1.3780192,103.9331411,51.707,-1.0,-1.0,-1.0
2016-03-23-10-01-15am,1458698475182,1458698475150,2016-03-23-10-01-15am,network,1.3780201,103.9331457,51.393,-1.0,-1.0,-1.0
2016-03-23-10-01-35am,1458698495187,1458698495139,2016-03-23-10-01-35am,network,1.3780216,103.9331509,51.005,-1.0,-1.0,-1.0
2016-03-23-10-01-51am,1458698511130,1458698511000,2016-03-23-10-01-51am,gps,1.37816922,103.93335421,37.0,73.4000015258789,-1.0,0.0
2016-03-23-10-02-09am,1458698529186,1458698529000,2016-03-23-10-02-09am,gps,1.37816259,103.93335972,25.0,71.80000305175781,-1.0,0.0
2016-03-23-10-02-15am,1458698535275,1458698535140,2016-03-23-10-02-15am,network,1.3780295,103.9331453,50.704,-1.0,-1.0,-1.0
2016-03-23-10-02-31am,1458698551142,1458698551000,2016-03-23-10-02-31am,gps,1.37816166,103.93335766,60.0,72.0999984741211,-1.0,0.0
2016-03-23-10-02-55am,1458698575146,1458698575097,2016-03-23-10-02-55am,network,1.3780338,103.9331489,50.187,-1.0,-1.0,-1.0
2016-03-23-10-03-15am,1458698595150,1458698595101,2016-03-23-10-03-15am,network,1.3780315,103.9331463,50.5,-1.0,-1.0,-1.0
2016-03-23-10-03-35am,1458698615180,1458698615134,2016-03-23-10-03-35am,network,1.3780373,103.9331495,49.891,-1.0,-1.0,-1.0
2016-03-23-10-03-53am,1458698633149,1458698633000,2016-03-23-10-03-53am,gps,1.37816061,103.93335307,58.0,72.80000305175781,-1.0,0.0
2016-03-23-10-04-14am,1458698654181,1458698654000,2016-03-23-10-04-14am,gps,1.37816241,103.93335515,51.0,73.0999984741211,-1.0,0.0
2016-03-23-10-04-35am,1458698675321,1458698675262,2016-03-23-10-04-35am,network,1.3780181,103.9331438,51.646,-1.0,-1.0,-1.0
2016-03-23-10-04-55am,1458698695211,1458698695161,2016-03-23-10-04-55am,network,1.3780283,103.9331356,51.322,-1.0,-1.0,-1.0
2016-03-23-10-05-03am,1458698703212,1458698703000,2016-03-23-10-05-03am,gps,1.37816329,103.93335847,56.0,75.0999984741211,-1.0,0.0
2016-03-23-10-05-15am,1458698715154,1458698715129,2016-03-23-10-05-15am,network,1.378027,103.9331447,50.925,-1.0,-1.0,-1.0
2016-03-23-10-05-35am,1458698735244,1458698735188,2016-03-23-10-05-35am,network,1.3780503,103.9331618,48.249,-1.0,-1.0,-1.0
2016-03-23-10-05-55am,1458698755199,1458698755143,2016-03-23-10-05-55am,network,1.3780502,103.9331549,48.63,-1.0,-1.0,-1.0
2016-03-23-10-06-15am,1458698775337,1458698775185,2016-03-23-10-06-15am,network,1.3780499,103.9331797,47.338,-1.0,-1.0,-1.0
2016-03-23-10-06-21am,1458698781129,1458698781000,2016-03-23-10-06-21am,gps,1.37815983,103.93335259,76.0,75.80000305175781,-1.0,0.0
2016-03-23-10-06-35am,1458698795203,1458698795148,2016-03-23-10-06-35am,network,1.3780501,103.9331919,46.704,-1.0,-1.0,-1.0
2016-03-23-10-06-55am,1458698815240,1458698815198,2016-03-23-10-06-55am,network,1.3780493,103.9331788,47.431,-1.0,-1.0,-1.0
2016-03-23-10-07-10am,1458698830174,1458698830000,2016-03-23-10-07-10am,gps,1.37815849,103.93334892,98.0,76.19999694824219,-1.0,0.0
2016-03-23-10-07-15am,1458698835320,1458698835260,2016-03-23-10-07-15am,network,1.3780307,103.9331452,50.619,-1.0,-1.0,-1.0
2016-03-23-10-07-31am,1458698851257,1458698851000,2016-03-23-10-07-31am,gps,1.37816058,103.93335006,46.0,77.4000015258789,-1.0,0.0
2016-03-23-10-07-50am,1458698870144,1458698870000,2016-03-23-10-07-50am,gps,1.37816314,103.93335122,45.0,78.5999984741211,-1.0,0.0
2016-03-23-10-07-55am,1458698875279,1458698875240,2016-03-23-10-07-55am,network,1.378033,103.9331401,50.724,-1.0,-1.0,-1.0
2016-03-23-10-08-15am,1458698895372,1458698895339,2016-03-23-10-08-15am,network,1.3780321,103.9331428,50.644,-1.0,-1.0,-1.0
2016-03-23-10-08-27am,1458698907180,1458698907000,2016-03-23-10-08-27am,gps,1.37816321,103.93335749,69.0,76.69999694824219,-1.0,0.0
2016-03-23-10-08-35am,1458698915370,1458698915334,2016-03-23-10-08-35am,network,1.378022,103.9331473,51.164,-1.0,-1.0,-1.0
2016-03-23-10-08-55am,1458698935401,1458698935345,2016-03-23-10-08-55am,network,1.3780193,103.9331374,51.898,-1.0,-1.0,-1.0
2016-03-23-10-09-15am,1458698955462,1458698955430,2016-03-23-10-09-15am,network,1.3780333,103.9331427,50.56,-1.0,-1.0,-1.0
2016-03-23-10-09-35am,1458698975489,1458698975424,2016-03-23-10-09-35am,network,1.3780324,103.9331399,50.78,-1.0,-1.0,-1.0
2016-03-23-10-09-55am,1458698995486,1458698995446,2016-03-23-10-09-55am,network,1.378035,103.9331411,50.52,-1.0,-1.0,-1.0
2016-03-23-10-10-12am,1458699012182,1458699012000,2016-03-23-10-10-12am,gps,1.37815695,103.93335481,64.0,77.0999984741211,-1.0,0.0
2016-03-23-10-10-33am,1458699033167,1458699033000,2016-03-23-10-10-33am,gps,1.37815848,103.93335564,46.0,78.69999694824219,-1.0,0.0
2016-03-23-10-10-55am,1458699055577,1458699055514,2016-03-23-10-10-55am,network,1.3780235,103.9331463,51.104,-1.0,-1.0,-1.0
2016-03-23-10-11-15am,1458699075534,1458699075501,2016-03-23-10-11-15am,network,1.3780174,103.9331405,51.875,-1.0,-1.0,-1.0
2016-03-23-10-11-35am,1458699095557,1458699095522,2016-03-23-10-11-35am,network,1.3780211,103.9331211,52.658,-1.0,-1.0,-1.0
2016-03-23-10-11-55am,1458699115590,1458699115536,2016-03-23-10-11-55am,network,1.3780505,103.9331739,47.593,-1.0,-1.0,-1.0
2016-03-23-10-12-15am,1458699135613,1458699135572,2016-03-23-10-12-15am,network,1.3780211,103.9331297,52.182,-1.0,-1.0,-1.0
2016-03-23-10-12-35am,1458699155158,1458699155000,2016-03-23-10-12-35am,gps,1.37815814,103.9333715,45.0,80.80000305175781,-1.0,0.0
2016-03-23-10-12-54am,1458699174167,1458699174000,2016-03-23-10-12-54am,gps,1.37816555,103.93337699,34.0,78.9000015258789,-1.0,0.0
2016-03-23-10-13-14am,1458699194168,1458699194000,2016-03-23-10-13-14am,gps,1.37816471,103.93337509,57.0,79.19999694824219,-1.0,0.0
2016-03-23-10-13-35am,1458699215832,1458699215777,2016-03-23-10-13-35am,network,1.3780276,103.9331488,50.66,-1.0,-1.0,-1.0
2016-03-23-10-13-43am,1458699223174,1458699223000,2016-03-23-10-13-43am,gps,1.37817183,103.93338055,65.0,77.80000305175781,-1.0,0.0
2016-03-23-10-13-55am,1458699235732,1458699235676,2016-03-23-10-13-55am,network,1.3780471,103.933164,48.374,-1.0,-1.0,-1.0
2016-03-23-10-14-13am,1458699253227,1458699253000,2016-03-23-10-14-13am,gps,1.37816872,103.93338106,68.0,77.30000305175781,-1.0,0.0
2016-03-23-10-14-23am,1458699263165,1458699263000,2016-03-23-10-14-23am,gps,1.37816768,103.9333795,80.0,77.5,-1.0,0.0
2016-03-23-10-14-35am,1458699275824,1458699275742,2016-03-23-10-14-35am,network,1.3780263,103.9331394,51.264,-1.0,-1.0,-1.0
2016-03-23-10-14-44am,1458699284188,1458699284000,2016-03-23-10-14-44am,gps,1.37816354,103.93338341,52.0,77.0999984741211,-1.0,0.0
2016-03-23-10-14-55am,1458699295717,1458699295664,2016-03-23-10-14-55am,network,1.3780272,103.9331294,51.745,-1.0,-1.0,-1.0
2016-03-23-10-15-08am,1458699308169,1458699308000,2016-03-23-10-15-08am,gps,1.37815765,103.9333865,30.0,75.19999694824219,-1.0,0.0
2016-03-23-10-15-15am,1458699315738,1458699315665,2016-03-23-10-15-15am,network,1.3780316,103.933134,51.164,-1.0,-1.0,-1.0
2016-03-23-10-15-35am,1458699335767,1458699335736,2016-03-23-10-15-35am,network,1.378029,103.9331306,51.545,-1.0,-1.0,-1.0
2016-03-23-10-15-48am,1458699348202,1458699348000,2016-03-23-10-15-48am,gps,1.37815479,103.93338454,53.0,75.69999694824219,-1.0,0.0
2016-03-23-10-15-55am,1458699355899,1458699355841,2016-03-23-10-15-55am,network,1.3780201,103.9331455,51.404,-1.0,-1.0,-1.0
2016-03-23-10-16-07am,1458699367283,1458699367000,2016-03-23-10-16-07am,gps,1.3781542,103.93338655,45.0,76.30000305175781,-1.0,0.0
2016-03-23-10-16-15am,1458699375904,1458699375873,2016-03-23-10-16-15am,network,1.3780208,103.9331463,51.309,-1.0,-1.0,-1.0
2016-03-23-10-16-22am,1458699382178,1458699382000,2016-03-23-10-16-22am,gps,1.37815485,103.93339038,30.0,74.5999984741211,-1.0,0.0
2016-03-23-10-16-35am,1458699395991,1458699395916,2016-03-23-10-16-35am,network,1.3780181,103.9331358,52.075,-1.0,-1.0,-1.0
2016-03-23-10-16-41am,1458699401200,1458699401000,2016-03-23-10-16-41am,gps,1.37814914,103.93339499,18.0,73.30000305175781,-1.0,0.0
2016-03-23-10-16-51am,1458699411189,1458699411000,2016-03-23-10-16-51am,gps,1.37814915,103.93339501,29.0,73.30000305175781,-1.0,0.0
2016-03-23-10-17-11am,1458699431255,1458699431000,2016-03-23-10-17-11am,gps,1.37814845,103.93339362,50.0,73.5999984741211,-1.0,0.0
2016-03-23-10-17-30am,1458699450245,1458699450000,2016-03-23-10-17-30am,gps,1.37814056,103.93340002,50.0,74.30000305175781,-1.0,0.0
2016-03-23-10-17-36am,1458699456114,1458699456056,2016-03-23-10-17-36am,network,1.3780489,103.9331801,47.395,-1.0,-1.0,-1.0
2016-03-23-10-17-47am,1458699467233,1458699467000,2016-03-23-10-17-47am,gps,1.37813864,103.93340055,44.0,74.5999984741211,-1.0,0.0
2016-03-23-10-17-56am,1458699476158,1458699476127,2016-03-23-10-17-56am,network,1.3780518,103.9331832,47.012,-1.0,-1.0,-1.0
2016-03-23-10-18-05am,1458699485183,1458699485000,2016-03-23-10-18-05am,gps,1.37813737,103.93340703,30.0,73.30000305175781,-1.0,0.0
2016-03-23-10-18-16am,1458699496536,1458699496500,2016-03-23-10-18-16am,network,1.3780174,103.9331415,51.822,-1.0,-1.0,-1.0
2016-03-23-10-18-26am,1458699506186,1458699506000,2016-03-23-10-18-26am,gps,1.37813053,103.93341239,40.0,73.19999694824219,-1.0,0.0
2016-03-23-10-18-36am,1458699516424,1458699516396,2016-03-23-10-18-36am,network,1.3780189,103.9331141,53.213,-1.0,-1.0,-1.0
2016-03-23-10-18-56am,1458699536552,1458699536500,2016-03-23-10-18-56am,network,1.3780205,103.9331397,51.684,-1.0,-1.0,-1.0
2016-03-23-10-19-16am,1458699556447,1458699556412,2016-03-23-10-19-16am,network,1.3780209,103.9331376,51.767,-1.0,-1.0,-1.0
2016-03-23-10-19-36am,1458699576603,1458699576571,2016-03-23-10-19-36am,network,1.3780246,103.9331404,51.337,-1.0,-1.0,-1.0
2016-03-23-10-19-56am,1458699596537,1458699596496,2016-03-23-10-19-56am,network,1.3780269,103.9331529,50.496,-1.0,-1.0,-1.0
2016-03-23-10-20-07am,1458699607207,1458699607000,2016-03-23-10-20-07am,gps,1.37811091,103.9334268,56.0,74.4000015258789,-1.0,0.0
2016-03-23-10-20-16am,1458699616603,1458699616574,2016-03-23-10-20-16am,network,1.3779604,103.9330389,39.0,-1.0,-1.0,-1.0
2016-03-23-10-20-36am,1458699636762,1458699636725,2016-03-23-10-20-36am,network,1.3779752,103.9330488,36.0,-1.0,-1.0,-1.0
2016-03-23-10-20-56am,1458699656690,1458699656597,2016-03-23-10-20-56am,network,1.3779258,103.9329953,43.5,-1.0,-1.0,-1.0
2016-03-23-10-21-17am,1458699677809,1458699676657,2016-03-23-10-21-16am,network,1.3779711,103.9335807,79.465,-1.0,-1.0,-1.0
2016-03-23-10-21-36am,1458699696774,1458699696734,2016-03-23-10-21-36am,network,1.3779706,103.9335877,79.854,-1.0,-1.0,-1.0
2016-03-23-10-21-56am,1458699716670,1458699716611,2016-03-23-10-21-56am,network,1.3779174,103.933631,86.17,-1.0,-1.0,-1.0
2016-03-23-10-22-16am,1458699736745,1458699736697,2016-03-23-10-22-16am,network,1.3779443,103.9335611,80.633,-1.0,-1.0,-1.0
2016-03-23-10-22-24am,1458699744202,1458699744000,2016-03-23-10-22-24am,gps,1.37810757,103.93342093,221.0,75.4000015258789,-1.0,0.0
2016-03-23-10-22-37am,1458699757101,1458699757046,2016-03-23-10-22-37am,network,1.3779833,103.933663,32.198,-1.0,-1.0,-1.0
2016-03-23-10-22-56am,1458699776216,1458699776000,2016-03-23-10-22-56am,gps,1.37791543,103.93385411,16.0,16.899999618530273,123.5,2.25
2016-03-23-10-23-06am,1458699786210,1458699786000,2016-03-23-10-23-06am,gps,1.37783675,103.93393247,13.0,3.700000047683716,112.8,0.75
2016-03-23-10-23-16am,1458699796222,1458699796000,2016-03-23-10-23-16am,gps,1.37780403,103.93422651,10.0,19.200000762939453,94.7,1.75
2016-03-23-10-23-37am,1458699817129,1458699817087,2016-03-23-10-23-37am,network,1.3779869,103.9336797,32.876,-1.0,-1.0,-1.0
2016-03-23-10-23-55am,1458699835578,1458699834773,2016-03-23-10-23-54am,gps,1.37753598,103.93446838,9.0,23.200000762939453,118.5,0.75
2016-03-23-10-24-05am,1458699845504,1458699844773,2016-03-23-10-24-04am,gps,1.37746099,103.93462739,8.0,27.200000762939453,150.4,1.0
2016-03-23-10-24-15am,1458699855528,1458699854793,2016-03-23-10-24-14am,gps,1.37757839,103.93472054,7.0,27.899999618530273,15.6,1.25
2016-03-23-10-24-25am,1458699865575,1458699864813,2016-03-23-10-24-24am,gps,1.37771984,103.93476127,8.0,26.0,22.2,1.0
2016-03-23-10-24-35am,1458699875528,1458699874753,2016-03-23-10-24-34am,gps,1.37789061,103.93484854,6.0,32.70000076293945,17.9,1.25
2016-03-23-10-24-45am,1458699885576,1458699884773,2016-03-23-10-24-44am,gps,1.37797073,103.93495803,8.0,40.20000076293945,44.6,1.5
2016-03-23-10-24-55am,1458699895577,1458699894753,2016-03-23-10-24-54am,gps,1.37806586,103.93499225,7.0,40.0,20.0,1.5
2016-03-23-10-25-05am,1458699905573,1458699904833,2016-03-23-10-25-04am,gps,1.37817701,103.93510868,6.0,38.400001525878906,35.9,1.5
2016-03-23-10-25-15am,1458699915611,1458699914873,2016-03-23-10-25-14am,gps,1.37829211,103.93512762,6.0,47.599998474121094,55.2,1.25
2016-03-23-10-25-23am,1458699923083,1458699917146,2016-03-23-10-25-17am,network,1.3777498,103.935071,39.87,-1.0,-1.0,-1.0
2016-03-23-10-25-37am,1458699937293,1458699937224,2016-03-23-10-25-37am,network,1.3783669,103.9351833,83.67,-1.0,-1.0,-1.0
2016-03-23-10-25-46am,1458699946236,1458699946000,2016-03-23-10-25-46am,gps,1.37862315,103.93535529,9.0,42.400001525878906,37.6,0.25
2016-03-23-10-25-57am,1458699957646,1458699957554,2016-03-23-10-25-57am,network,1.3785826,103.9352791,69.463,-1.0,-1.0,-1.0
2016-03-23-10-26-06am,1458699966075,1458699965239,2016-03-23-10-26-05am,gps,1.3787025,103.93553004,5.0,32.900001525878906,47.4,0.75
2016-03-23-10-26-17am,1458699977606,1458699977571,2016-03-23-10-26-17am,network,1.3787548,103.9353447,36.0,-1.0,-1.0,-1.0
2016-03-23-10-26-25am,1458699985705,1458699984836,2016-03-23-10-26-24am,gps,1.37862501,103.93575707,5.0,23.299999237060547,100.8,1.25
2016-03-23-10-26-35am,1458699995610,1458699994785,2016-03-23-10-26-34am,gps,1.37855526,103.9358519,6.0,19.799999237060547,133.2,1.25
2016-03-23-10-26-45am,1458700005666,1458700004882,2016-03-23-10-26-44am,gps,1.37843984,103.93588693,5.0,20.899999618530273,147.6,0.75
2016-03-23-10-26-55am,1458700015899,1458700015070,2016-03-23-10-26-55am,gps,1.3783671,103.93597756,8.0,23.200000762939453,165.0,1.25
2016-03-23-10-27-15am,1458700035605,1458700034830,2016-03-23-10-27-14am,gps,1.3783828,103.93605688,6.0,16.600000381469727,-1.0,0.0
2016-03-23-10-27-25am,1458700045577,1458700044810,2016-03-23-10-27-24am,gps,1.37838968,103.93605491,8.0,16.0,-1.0,0.0
2016-03-23-10-27-35am,1458700055686,1458700054830,2016-03-23-10-27-34am,gps,1.37839126,103.93605139,6.0,16.0,-1.0,0.0
2016-03-23-10-27-46am,1458700066103,1458700065290,2016-03-23-10-27-45am,gps,1.3784069,103.93604301,5.0,16.799999237060547,-1.0,0.0
2016-03-23-10-27-57am,1458700077682,1458700077607,2016-03-23-10-27-57am,network,1.3785803,103.9358948,40.5,-1.0,-1.0,-1.0
2016-03-23-10-28-05am,1458700085241,1458700084390,2016-03-23-10-28-04am,gps,1.37846076,103.93609229,4.0,12.199999809265137,-1.0,0.0
2016-03-23-10-28-15am,1458700095170,1458700094390,2016-03-23-10-28-14am,gps,1.37845051,103.93615354,3.0,12.899999618530273,103.5,1.0
2016-03-23-10-28-25am,1458700105285,1458700104390,2016-03-23-10-28-24am,gps,1.37840103,103.93623877,3.0,18.899999618530273,121.5,1.0
2016-03-23-10-28-37am,1458700117699,1458700117658,2016-03-23-10-28-37am,network,1.3785334,103.9359809,39.0,-1.0,-1.0,-1.0
2016-03-23-10-28-44am,1458700124550,1458700123390,2016-03-23-10-28-43am,gps,1.3783931,103.9362303,3.0,20.899999618530273,-1.0,0.0
2016-03-23-10-29-00am,1458700140209,1458700140145,2016-03-23-10-29-00am,network,1.3785443,103.9359514,40.5,-1.0,-1.0,-1.0
2016-03-23-10-29-14am,1458700154177,1458700153390,2016-03-23-10-29-13am,gps,1.37839358,103.93622925,3.0,21.0,-1.0,0.0
2016-03-23-10-29-20am,1458700160246,1458700160196,2016-03-23-10-29-20am,network,1.3787332,103.9356661,30.0,-1.0,-1.0,-1.0
2016-03-23-10-29-27am,1458700167244,1458700167000,2016-03-23-10-29-27am,gps,1.37910212,103.93540342,21.0,19.399999618530273,309.7,9.25
2016-03-23-10-29-40am,1458700180241,1458700180158,2016-03-23-10-29-40am,network,1.3787405,103.9356326,30.0,-1.0,-1.0,-1.0
2016-03-23-10-29-46am,1458700186244,1458700186000,2016-03-23-10-29-46am,gps,1.37981639,103.93444933,16.0,17.799999237060547,292.2,3.0
2016-03-23-10-30-01am,1458700201586,1458700201552,2016-03-23-10-30-01am,network,1.3787405,103.9356326,30.0,-1.0,-1.0,-1.0
2016-03-23-10-30-15am,1458700215231,1458700215000,2016-03-23-10-30-15am,gps,1.37846222,103.93342705,13.0,23.700000762939453,55.0,1.0
2016-03-23-10-30-21am,1458700221738,1458700221661,2016-03-23-10-30-21am,network,1.3788025,103.9355547,30.0,-1.0,-1.0,-1.0
2016-03-23-10-30-28am,1458700228261,1458700228000,2016-03-23-10-30-28am,gps,1.3782227,103.93403707,43.0,23.399999618530273,113.9,4.0
2016-03-23-10-30-41am,1458700241253,1458700241000,2016-03-23-10-30-41am,gps,1.37783846,103.93314124,47.0,23.200000762939453,214.8,9.0
2016-03-23-10-30-46am,1458700246646,1458700243517,2016-03-23-10-30-43am,network,1.379434,103.9343964,34.5,-1.0,-1.0,-1.0
2016-03-23-10-30-56am,1458700256282,1458700256000,2016-03-23-10-30-56am,gps,1.37672097,103.93251436,22.0,23.399999618530273,202.1,8.5
2016-03-23-10-31-05am,1458700265624,1458700263495,2016-03-23-10-31-03am,network,1.3766159,103.9321453,45.196,-1.0,-1.0,-1.0
2016-03-23-10-31-15am,1458700275387,1458700274584,2016-03-23-10-31-14am,gps,1.3764593999999999,103.93220973,9.0,20.700000762939453,-1.0,0.0
2016-03-23-10-31-23am,1458700283549,1458700283483,2016-03-23-10-31-23am,network,1.3766159,103.9321453,45.196,-1.0,-1.0,-1.0
2016-03-23-10-31-37am,1458700297249,1458700297000,2016-03-23-10-31-37am,gps,1.37604332,103.93084866,21.0,24.399999618530273,284.5,11.75
2016-03-23-10-31-44am,1458700304693,1458700303802,2016-03-23-10-31-43am,network,1.3764712,103.9299732,42.0,-1.0,-1.0,-1.0
2016-03-23-10-32-03am,1458700323731,1458700323682,2016-03-23-10-32-03am,network,1.3764712,103.9299732,42.0,-1.0,-1.0,-1.0
2016-03-23-10-32-23am,1458700343799,1458700343633,2016-03-23-10-32-23am,network,1.376493,103.9299189,45.0,-1.0,-1.0,-1.0
2016-03-23-10-32-35am,1458700355248,1458700355000,2016-03-23-10-32-35am,gps,1.37823388,103.92404193,13.0,14.800000190734863,284.2,16.25
2016-03-23-10-32-43am,1458700363739,1458700363695,2016-03-23-10-32-43am,network,1.376493,103.9299189,45.0,-1.0,-1.0,-1.0
2016-03-23-10-32-54am,1458700374295,1458700373344,2016-03-23-10-32-53am,gps,1.37918641,103.92160345,4.0,14.899999618530273,292.5,16.0
2016-03-23-10-33-05am,1458700385074,1458700383741,2016-03-23-10-33-03am,network,1.3772313,103.928098,87.0,-1.0,-1.0,-1.0
2016-03-23-10-33-14am,1458700394316,1458700393344,2016-03-23-10-33-13am,gps,1.38046402,103.91891949,3.0,20.700000762939453,296.2,16.5
2016-03-23-10-33-23am,1458700403825,1458700403202,2016-03-23-10-33-23am,network,1.3780497,103.9261813,699.999,-1.0,-1.0,-1.0
2016-03-23-10-33-43am,1458700423837,1458700423257,2016-03-23-10-33-43am,network,1.3780497,103.9261813,699.999,-1.0,-1.0,-1.0
2016-03-23-10-33-54am,1458700434289,1458700433404,2016-03-23-10-33-53am,gps,1.3789896,103.91429343,3.0,22.100000381469727,238.0,16.25
2016-03-23-10-34-03am,1458700443831,1458700443257,2016-03-23-10-34-03am,network,1.3780497,103.9261813,699.999,-1.0,-1.0,-1.0
2016-03-23-10-34-14am,1458700454360,1458700453404,2016-03-23-10-34-13am,gps,1.37750408,103.91179898,3.0,21.299999237060547,237.5,16.25
2016-03-23-10-34-23am,1458700463808,1458700463263,2016-03-23-10-34-23am,network,1.3780497,103.9261813,699.999,-1.0,-1.0,-1.0
2016-03-23-10-34-34am,1458700474237,1458700473404,2016-03-23-10-34-33am,gps,1.37539186,103.90983127,9.0,17.600000381469727,209.0,15.75
2016-03-23-10-34-44am,1458700484223,1458700483404,2016-03-23-10-34-43am,gps,1.37397769,103.90925854,9.0,16.600000381469727,202.3,17.0
2016-03-23-10-34-54am,1458700494364,1458700493404,2016-03-23-10-34-53am,gps,1.37259196,103.90882175,9.0,16.799999237060547,196.7,16.5
2016-03-23-10-35-04am,1458700504535,1458700504168,2016-03-23-10-35-04am,network,1.3702506,103.908195,48.0,-1.0,-1.0,-1.0
2016-03-23-10-35-15am,1458700515286,1458700515000,2016-03-23-10-35-15am,gps,1.36956349,103.90784845,13.0,20.399999618530273,197.5,16.75
2016-03-23-10-35-24am,1458700524198,1458700524135,2016-03-23-10-35-24am,network,1.3702506,103.908195,48.0,-1.0,-1.0,-1.0
2016-03-23-10-35-35am,1458700535256,1458700535000,2016-03-23-10-35-35am,gps,1.36679461,103.90694268,15.0,29.899999618530273,194.5,16.5
2016-03-23-10-35-44am,1458700544289,1458700544230,2016-03-23-10-35-44am,network,1.3702506,103.908195,48.0,-1.0,-1.0,-1.0
2016-03-23-10-35-55am,1458700555281,1458700555000,2016-03-23-10-35-55am,gps,1.36418825,103.90602562,12.0,34.5,206.1,13.0
2016-03-23-10-36-04am,1458700564233,1458700564189,2016-03-23-10-36-04am,network,1.3702506,103.908195,48.0,-1.0,-1.0,-1.0
2016-03-23-10-36-24am,1458700584229,1458700583404,2016-03-23-10-36-23am,gps,1.36362439,103.90583662,9.0,34.5,-1.0,0.0
2016-03-23-10-36-34am,1458700594330,1458700593404,2016-03-23-10-36-33am,gps,1.36362864,103.90583714,9.0,34.5,-1.0,0.0
2016-03-23-10-36-44am,1458700604287,1458700603404,2016-03-23-10-36-43am,gps,1.36362826,103.90583712,9.0,34.5,-1.0,0.0
2016-03-23-10-36-54am,1458700614328,1458700613404,2016-03-23-10-36-53am,gps,1.36363235,103.90583748,9.0,34.400001525878906,-1.0,0.0
2016-03-23-10-37-04am,1458700624219,1458700623404,2016-03-23-10-37-03am,gps,1.36363017,103.90583942,9.0,34.900001525878906,-1.0,0.0
2016-03-23-10-37-14am,1458700634221,1458700633404,2016-03-23-10-37-13am,gps,1.36347496,103.9057446,9.0,28.899999618530273,209.7,5.25
2016-03-23-10-37-24am,1458700644272,1458700643404,2016-03-23-10-37-23am,gps,1.36302173,103.90517851,9.0,21.700000762939453,248.8,9.75
2016-03-23-10-37-35am,1458700655299,1458700655000,2016-03-23-10-37-35am,gps,1.36277556,103.90372537,11.0,21.399999618530273,261.8,15.0
2016-03-23-10-37-45am,1458700665286,1458700665000,2016-03-23-10-37-45am,gps,1.36250266,103.90247972,11.0,19.399999618530273,255.0,11.75
2016-03-23-10-38-02am,1458700682191,1458700681928,2016-03-23-10-38-01am,gps,1.36252374,103.90222119,13.0,14.699999809265137,265.5,2.75
2016-03-23-10-38-15am,1458700695277,1458700695000,2016-03-23-10-38-15am,gps,1.36261938,103.90178096,12.0,15.800000190734863,270.0,6.25
2016-03-23-10-38-28am,1458700708305,1458700703896,2016-03-23-10-38-23am,network,1.3620823,103.9015302,500.0,-1.0,-1.0,-1.0
2016-03-23-10-38-34am,1458700714384,1458700713404,2016-03-23-10-38-33am,gps,1.36221381,103.89957117,5.0,18.200000762939453,262.7,16.25
2016-03-23-10-38-44am,1458700724223,1458700723404,2016-03-23-10-38-43am,gps,1.36203841,103.89811928,9.0,18.799999237060547,263.7,15.5
2016-03-23-10-38-54am,1458700734332,1458700733404,2016-03-23-10-38-53am,gps,1.36182808,103.89677141,8.0,16.5,263.0,12.25
2016-03-23-10-39-05am,1458700745283,1458700745000,2016-03-23-10-39-05am,gps,1.36183562,103.89617927,12.0,16.899999618530273,262.3,3.75
2016-03-23-10-39-13am,1458700753589,1458700744598,2016-03-23-10-39-04am,network,1.3622089,103.8959918,93.0,-1.0,-1.0,-1.0
2016-03-23-10-39-24am,1458700764728,1458700764692,2016-03-23-10-39-24am,network,1.3622089,103.8959918,93.0,-1.0,-1.0,-1.0
2016-03-23-10-39-44am,1458700784794,1458700784746,2016-03-23-10-39-44am,network,1.362333,103.8963605,82.5,-1.0,-1.0,-1.0
2016-03-23-10-40-05am,1458700805973,1458700804850,2016-03-23-10-40-04am,network,1.3616372,103.8934535,40.5,-1.0,-1.0,-1.0
2016-03-23-10-40-25am,1458700825069,1458700824903,2016-03-23-10-40-24am,network,1.3616345,103.8934429,40.5,-1.0,-1.0,-1.0
2016-03-23-10-40-35am,1458700835295,1458700834360,2016-03-23-10-40-34am,gps,1.36156301,103.8933296,5.0,16.200000762939453,-1.0,0.0
2016-03-23-10-40-44am,1458700844986,1458700844914,2016-03-23-10-40-44am,network,1.3616272,103.8933582,33.0,-1.0,-1.0,-1.0
2016-03-23-10-41-05am,1458700865011,1458700864978,2016-03-23-10-41-04am,network,1.3615872,103.8932578,39.0,-1.0,-1.0,-1.0
2016-03-23-10-41-15am,1458700875231,1458700874339,2016-03-23-10-41-14am,gps,1.36156218,103.8933324,5.0,16.100000381469727,-1.0,0.0
2016-03-23-10-41-25am,1458700885100,1458700885055,2016-03-23-10-41-25am,network,1.3616278,103.8933852,34.5,-1.0,-1.0,-1.0
2016-03-23-10-41-35am,1458700895467,1458700894576,2016-03-23-10-41-34am,gps,1.36154912,103.89320726,8.0,16.5,244.2,1.0
2016-03-23-10-41-45am,1458700905156,1458700905133,2016-03-23-10-41-45am,network,1.3615973,103.8933676,34.5,-1.0,-1.0,-1.0
2016-03-23-10-41-55am,1458700915409,1458700914523,2016-03-23-10-41-54am,gps,1.36162898,103.8931671,8.0,27.5,-1.0,0.0
2016-03-23-10-42-05am,1458700925263,1458700925216,2016-03-23-10-42-05am,network,1.3616275,103.8933906,37.5,-1.0,-1.0,-1.0
2016-03-23-10-42-25am,1458700945144,1458700944323,2016-03-23-10-42-24am,gps,1.36409254,103.89221715,9.0,12.300000190734863,327.4,4.5
2016-03-23-10-42-35am,1458700955222,1458700954323,2016-03-23-10-42-34am,gps,1.36418886,103.89222897,8.0,12.399999618530273,-1.0,0.0
2016-03-23-10-42-45am,1458700965137,1458700964303,2016-03-23-10-42-44am,gps,1.36418567,103.89222662,8.0,7.699999809265137,-1.0,0.0
2016-03-23-10-42-56am,1458700976290,1458700976000,2016-03-23-10-42-56am,gps,1.36468015,103.89176894,14.0,13.300000190734863,317.8,9.25
2016-03-23-10-43-06am,1458700986336,1458700986000,2016-03-23-10-43-06am,gps,1.36530096,103.89115328,14.0,12.100000381469727,311.6,6.5
2016-03-23-10-43-16am,1458700996302,1458700996000,2016-03-23-10-43-16am,gps,1.36541309,103.89095239,15.0,12.100000381469727,278.1,1.5
2016-03-23-10-43-25am,1458701005344,1458701005304,2016-03-23-10-43-25am,network,1.3654304,103.8910371,147.378,-1.0,-1.0,-1.0
2016-03-23-10-43-45am,1458701025372,1458701025332,2016-03-23-10-43-45am,network,1.3654475,103.8909906,34.5,-1.0,-1.0,-1.0
2016-03-23-10-43-57am,1458701037334,1458701037000,2016-03-23-10-43-57am,gps,1.36443739,103.8897847,27.0,14.0,266.4,0.75
2016-03-23-10-44-05am,1458701045426,1458701045287,2016-03-23-10-44-05am,network,1.3654791,103.8909675,40.5,-1.0,-1.0,-1.0
2016-03-23-10-44-16am,1458701056334,1458701056000,2016-03-23-10-44-16am,gps,1.36441201,103.88962529,18.0,12.399999618530273,241.0,2.75
2016-03-23-10-44-34am,1458701074870,1458701065470,2016-03-23-10-44-25am,network,1.3640352,103.8892242,124.392,-1.0,-1.0,-1.0
2016-03-23-10-44-46am,1458701086325,1458701086000,2016-03-23-10-44-46am,gps,1.36307175,103.88824753,12.0,26.799999237060547,235.3,7.5
2016-03-23-10-45-05am,1458701105459,1458701105413,2016-03-23-10-45-05am,network,1.3638582,103.8890254,31.5,-1.0,-1.0,-1.0
2016-03-23-10-45-25am,1458701125204,1458701124383,2016-03-23-10-45-24am,gps,1.36241194,103.88746879,4.0,32.70000076293945,-1.0,0.0
2016-03-23-10-45-36am,1458701136335,1458701136000,2016-03-23-10-45-36am,gps,1.36184196,103.886968,13.0,18.600000381469727,227.2,7.5
2016-03-23-10-45-53am,1458701153993,1458701145356,2016-03-23-10-45-45am,network,1.3622792,103.88741,39.038,-1.0,-1.0,-1.0
2016-03-23-10-46-05am,1458701165335,1458701164483,2016-03-23-10-46-04am,gps,1.3612883,103.88643057,5.0,21.899999618530273,-1.0,0.0
2016-03-23-10-46-25am,1458701185405,1458701184563,2016-03-23-10-46-24am,gps,1.36128869,103.88642945,3.0,22.600000381469727,-1.0,0.0
2016-03-23-10-46-35am,1458701195327,1458701194423,2016-03-23-10-46-34am,gps,1.36127411,103.8864173,4.0,20.100000381469727,-1.0,0.0
2016-03-23-10-46-45am,1458701205479,1458701204643,2016-03-23-10-46-44am,gps,1.36125862,103.88641031,4.0,19.399999618530273,-1.0,0.0
2016-03-23-10-47-05am,1458701225322,1458701224463,2016-03-23-10-47-04am,gps,1.36022873,103.88525734,9.0,19.5,230.2,10.0
2016-03-23-10-47-17am,1458701237351,1458701237000,2016-03-23-10-47-17am,gps,1.36067884,103.88460733,29.0,28.5,308.5,6.0
2016-03-23-10-47-25am,1458701245592,1458701245520,2016-03-23-10-47-25am,network,1.3611736,103.8863324,31.5,-1.0,-1.0,-1.0
2016-03-23-10-47-36am,1458701256362,1458701256000,2016-03-23-10-47-36am,gps,1.36063545,103.88469586,12.0,50.29999923706055,-1.0,0.0
2016-03-23-10-47-45am,1458701265529,1458701265495,2016-03-23-10-47-45am,network,1.3612059,103.8864175,40.5,-1.0,-1.0,-1.0
2016-03-23-10-48-05am,1458701285266,1458701284423,2016-03-23-10-48-04am,gps,1.35876415,103.88362817,7.0,36.599998474121094,217.3,8.5
2016-03-23-10-48-16am,1458701296337,1458701296000,2016-03-23-10-48-16am,gps,1.35847597,103.88327864,18.0,35.70000076293945,226.4,1.75
2016-03-23-10-48-26am,1458701306104,1458701306055,2016-03-23-10-48-26am,network,1.3600603,103.8849428,197.313,-1.0,-1.0,-1.0
2016-03-23-10-48-45am,1458701325342,1458701324403,2016-03-23-10-48-44am,gps,1.35867442,103.88338514,5.0,41.5,-1.0,0.0
2016-03-23-10-49-06am,1458701346274,1458701346230,2016-03-23-10-49-06am,network,1.3584996,103.8834839,43.5,-1.0,-1.0,-1.0
2016-03-23-10-49-25am,1458701365588,1458701364703,2016-03-23-10-49-24am,gps,1.35743024,103.88209726,6.0,38.900001525878906,286.0,0.75
2016-03-23-10-49-45am,1458701385522,1458701384543,2016-03-23-10-49-44am,gps,1.35713803,103.88185993,4.0,44.900001525878906,226.9,6.0
2016-03-23-10-49-55am,1458701395507,1458701394563,2016-03-23-10-49-54am,gps,1.35638306,103.88107928,6.0,48.5,229.0,10.5
2016-03-23-10-50-06am,1458701406184,1458701406100,2016-03-23-10-50-06am,network,1.3580495,103.882781,49.557,-1.0,-1.0,-1.0
2016-03-23-10-50-15am,1458701415280,1458701414363,2016-03-23-10-50-14am,gps,1.35520639,103.8796277,8.0,41.29999923706055,232.2,10.5
2016-03-23-10-50-25am,1458701425345,1458701424423,2016-03-23-10-50-24am,gps,1.35447055,103.87899793,3.0,40.29999923706055,226.4,11.0
2016-03-23-10-50-33am,1458701433780,1458701426285,2016-03-23-10-50-26am,network,1.354573,103.8789385,37.5,-1.0,-1.0,-1.0
2016-03-23-10-50-46am,1458701446332,1458701446000,2016-03-23-10-50-46am,gps,1.35369996,103.87808926,8.0,43.70000076293945,219.5,1.5
2016-03-23-10-51-05am,1458701465344,1458701464363,2016-03-23-10-51-04am,gps,1.35359331,103.87791869,8.0,39.0,-1.0,0.0
2016-03-23-10-51-15am,1458701475356,1458701474343,2016-03-23-10-51-14am,gps,1.35353872,103.87778164,6.0,41.0,245.1,3.0
2016-03-23-10-51-26am,1458701486291,1458701486236,2016-03-23-10-51-26am,network,1.3545368,103.8788993,30.0,-1.0,-1.0,-1.0
2016-03-23-10-51-45am,1458701505500,1458701504543,2016-03-23-10-51-44am,gps,1.35205625,103.87618277,8.0,35.20000076293945,237.9,6.75
2016-03-23-10-52-06am,1458701526215,1458701526178,2016-03-23-10-52-06am,network,1.3534658,103.877814,52.5,-1.0,-1.0,-1.0
2016-03-23-10-52-27am,1458701547491,1458701546521,2016-03-23-10-52-26am,network,1.3507997,103.8748156,69.376,-1.0,-1.0,-1.0
2016-03-23-10-52-46am,1458701566517,1458701566444,2016-03-23-10-52-46am,network,1.3507997,103.8748156,69.376,-1.0,-1.0,-1.0
2016-03-23-10-53-05am,1458701585529,1458701584563,2016-03-23-10-53-04am,gps,1.35071108,103.87331573,9.0,20.299999237060547,316.9,3.5
2016-03-23-10-53-16am,1458701596349,1458701596000,2016-03-23-10-53-16am,gps,1.35085599,103.87344108,16.0,21.799999237060547,39.7,1.25
2016-03-23-10-53-26am,1458701606625,1458701606571,2016-03-23-10-53-26am,network,1.3507997,103.8748156,69.376,-1.0,-1.0,-1.0
2016-03-23-10-53-37am,1458701617346,1458701617000,2016-03-23-10-53-37am,gps,1.35080223,103.87364489,22.0,27.200000762939453,93.2,1.25
2016-03-23-10-53-47am,1458701627814,1458701626530,2016-03-23-10-53-46am,network,1.350815,103.8732256,30.0,-1.0,-1.0,-1.0
2016-03-23-10-53-56am,1458701636341,1458701636000,2016-03-23-10-53-56am,gps,1.35071533,103.87339821,13.0,24.100000381469727,155.3,0.75
2016-03-23-10-54-06am,1458701646340,1458701646000,2016-03-23-10-54-06am,gps,1.35068973,103.87337123,17.0,26.799999237060547,217.1,0.5
2016-03-23-10-54-16am,1458701656340,1458701656000,2016-03-23-10-54-16am,gps,1.35075779,103.87334985,15.0,32.20000076293945,217.1,0.5
2016-03-23-10-54-26am,1458701666754,1458701666714,2016-03-23-10-54-26am,network,1.3508541,103.8731767,30.0,-1.0,-1.0,-1.0
2016-03-23-10-54-45am,1458701685339,1458701684443,2016-03-23-10-54-44am,gps,1.35067925,103.8732563,8.0,31.600000381469727,-1.0,0.0
2016-03-23-10-54-55am,1458701695522,1458701694423,2016-03-23-10-54-54am,gps,1.35066434,103.87324936,6.0,25.799999237060547,-1.0,0.0
2016-03-23-10-55-06am,1458701706827,1458701706784,2016-03-23-10-55-06am,network,1.3508551,103.8731725,30.0,-1.0,-1.0,-1.0
2016-03-23-10-55-15am,1458701715446,1458701714483,2016-03-23-10-55-14am,gps,1.35070491,103.87329416,7.0,24.200000762939453,-1.0,0.0
2016-03-23-10-55-26am,1458701726341,1458701726000,2016-03-23-10-55-26am,gps,1.35069797,103.87330404,9.0,25.100000381469727,-1.0,0.0
2016-03-23-10-55-45am,1458701745488,1458701744583,2016-03-23-10-55-44am,gps,1.35060296,103.87319349,9.0,31.899999618530273,206.0,0.5
2016-03-23-10-55-55am,1458701755549,1458701754603,2016-03-23-10-55-54am,gps,1.35061461,103.87320616,9.0,25.5,-1.0,0.0
2016-03-23-10-56-05am,1458701765479,1458701764583,2016-03-23-10-56-04am,gps,1.35062056,103.87321609,9.0,22.799999237060547,-1.0,0.0
2016-03-23-10-56-25am,1458701785215,1458701784343,2016-03-23-10-56-24am,gps,1.35062394,103.87320929,7.0,26.0,-1.0,0.0
2016-03-23-10-56-35am,1458701795317,1458701794383,2016-03-23-10-56-34am,gps,1.35063799,103.8732172,5.0,26.299999237060547,-1.0,0.0
2016-03-23-10-56-45am,1458701805478,1458701804503,2016-03-23-10-56-44am,gps,1.35060093,103.87321872,8.0,28.399999618530273,-1.0,0.0
2016-03-23-10-56-55am,1458701815434,1458701814423,2016-03-23-10-56-54am,gps,1.35060878,103.87322114,5.0,31.299999237060547,-1.0,0.0
2016-03-23-10-57-08am,1458701828430,1458701828356,2016-03-23-10-57-08am,network,1.3508821,103.8731719,30.0,-1.0,-1.0,-1.0
2016-03-23-10-57-15am,1458701835384,1458701835000,2016-03-23-10-57-15am,gps,1.35060569,103.87323027,9.0,31.799999237060547,-1.0,0.0
2016-03-23-10-57-25am,1458701845366,1458701844382,2016-03-23-10-57-24am,gps,1.35063421,103.87324343,8.0,34.79999923706055,-1.0,0.0
2016-03-23-10-57-35am,1458701855275,1458701854382,2016-03-23-10-57-34am,gps,1.35064352,103.87324886,6.0,36.5,-1.0,0.0
2016-03-23-10-57-45am,1458701865505,1458701864542,2016-03-23-10-57-44am,gps,1.3506422,103.87324714,5.0,36.29999923706055,-1.0,0.0
2016-03-23-10-57-55am,1458701875550,1458701874562,2016-03-23-10-57-54am,gps,1.35066044,103.87325268,5.0,38.099998474121094,-1.0,0.0
2016-03-23-10-58-08am,1458701888500,1458701888417,2016-03-23-10-58-08am,network,1.3508641,103.8731741,30.0,-1.0,-1.0,-1.0
2016-03-23-10-58-15am,1458701895406,1458701894442,2016-03-23-10-58-14am,gps,1.35067132,103.87326557,4.0,40.29999923706055,-1.0,0.0
2016-03-23-10-58-25am,1458701905653,1458701904742,2016-03-23-10-58-24am,gps,1.35069718,103.87325513,8.0,38.099998474121094,-1.0,0.0
2016-03-23-10-58-45am,1458701925339,1458701924362,2016-03-23-10-58-44am,gps,1.35071415,103.87326214,6.0,41.79999923706055,-1.0,0.0
2016-03-23-10-58-55am,1458701935536,1458701934562,2016-03-23-10-58-54am,gps,1.35071608,103.87326199,9.0,41.900001525878906,-1.0,0.0
2016-03-23-10-59-05am,1458701945542,1458701944562,2016-03-23-10-59-04am,gps,1.3507075,103.87326528,8.0,40.400001525878906,-1.0,0.0
2016-03-23-10-59-25am,1458701965493,1458701964522,2016-03-23-10-59-24am,gps,1.35067454,103.87326745,6.0,37.29999923706055,-1.0,0.0
2016-03-23-10-59-45am,1458701985227,1458701984322,2016-03-23-10-59-44am,gps,1.35063695,103.8732339,7.0,33.20000076293945,-1.0,0.0
2016-03-23-10-59-55am,1458701995472,1458701994582,2016-03-23-10-59-54am,gps,1.35064642,103.87324807,7.0,33.20000076293945,-1.0,0.0
2016-03-23-11-00-05am,1458702005429,1458702004522,2016-03-23-11-00-04am,gps,1.35065608,103.87324154,8.0,34.79999923706055,-1.0,0.0
2016-03-23-11-00-16am,1458702016384,1458702016000,2016-03-23-11-00-16am,gps,1.35146764,103.87261834,16.0,34.0,337.4,8.5
2016-03-23-11-00-29am,1458702029942,1458702029906,2016-03-23-11-00-29am,network,1.3509113,103.8731422,30.0,-1.0,-1.0,-1.0
2016-03-23-11-00-36am,1458702036374,1458702036000,2016-03-23-11-00-36am,gps,1.35356231,103.87265577,6.0,25.399999618530273,4.8,7.25
2016-03-23-11-00-49am,1458702049922,1458702049883,2016-03-23-11-00-49am,network,1.3509131,103.873135,31.5,-1.0,-1.0,-1.0
2016-03-23-11-00-55am,1458702055494,1458702054522,2016-03-23-11-00-54am,gps,1.35386926,103.87267049,5.0,24.799999237060547,-1.0,0.0
2016-03-23-11-01-06am,1458702066377,1458702066000,2016-03-23-11-01-06am,gps,1.35386161,103.87266089,9.0,24.200000762939453,-1.0,0.0
2016-03-23-11-01-16am,1458702076401,1458702069765,2016-03-23-11-01-09am,network,1.354032,103.8728542,257.931,-1.0,-1.0,-1.0
2016-03-23-11-01-26am,1458702086390,1458702086000,2016-03-23-11-01-26am,gps,1.35523503,103.87313356,8.0,28.100000381469727,12.7,1.75
2016-03-23-11-01-45am,1458702105590,1458702104622,2016-03-23-11-01-44am,gps,1.35565251,103.87261164,8.0,21.100000381469727,279.3,7.25
2016-03-23-11-01-56am,1458702116376,1458702116000,2016-03-23-11-01-56am,gps,1.35561229,103.8722971,9.0,22.799999237060547,277.5,1.25
2016-03-23-11-02-10am,1458702130169,1458702130132,2016-03-23-11-02-10am,network,1.3543276,103.8729176,33.0,-1.0,-1.0,-1.0
2016-03-23-11-02-15am,1458702135387,1458702134422,2016-03-23-11-02-14am,gps,1.35562873,103.87201236,6.0,25.100000381469727,273.9,3.5
2016-03-23-11-02-25am,1458702145589,1458702144582,2016-03-23-11-02-24am,gps,1.35554073,103.87166244,4.0,28.399999618530273,319.7,1.0
2016-03-23-11-02-32am,1458702152447,1458702150075,2016-03-23-11-02-30am,network,1.3555365,103.8729321,63.735,-1.0,-1.0,-1.0
2016-03-23-11-02-45am,1458702165606,1458702164600,2016-03-23-11-02-44am,gps,1.35552562,103.87160347,8.0,33.900001525878906,-1.0,0.0
2016-03-23-11-02-56am,1458702176398,1458702176000,2016-03-23-11-02-56am,gps,1.35540875,103.87035675999999,14.0,31.5,268.3,12.25
2016-03-23-11-03-10am,1458702190145,1458702190113,2016-03-23-11-03-10am,network,1.3556806,103.8714601,52.5,-1.0,-1.0,-1.0
2016-03-23-11-03-16am,1458702196379,1458702196000,2016-03-23-11-03-16am,gps,1.35535816,103.8684288,9.0,32.599998474121094,261.6,8.5
2016-03-23-11-03-32am,1458702212413,1458702210294,2016-03-23-11-03-30am,network,1.3557114,103.8712409,40.5,-1.0,-1.0,-1.0
2016-03-23-11-03-46am,1458702226377,1458702226000,2016-03-23-11-03-46am,gps,1.35475203,103.86675145,11.0,32.20000076293945,225.3,4.0
2016-03-23-11-03-51am,1458702231390,1458702230358,2016-03-23-11-03-50am,network,1.3550779,103.8669767,105.0,-1.0,-1.0,-1.0
2016-03-23-11-04-10am,1458702250381,1458702250294,2016-03-23-11-04-10am,network,1.3551176,103.8671158,93.0,-1.0,-1.0,-1.0
2016-03-23-11-04-25am,1458702265542,1458702264522,2016-03-23-11-04-24am,gps,1.35458815,103.86659344,4.0,37.5,-1.0,0.0
2016-03-23-11-04-35am,1458702275501,1458702274502,2016-03-23-11-04-34am,gps,1.35462795,103.86649985,6.0,26.299999237060547,245.8,0.25
2016-03-23-11-04-50am,1458702290416,1458702290366,2016-03-23-11-04-50am,network,1.3549134,103.8665554,30.0,-1.0,-1.0,-1.0
2016-03-23-11-05-05am,1458702305560,1458702304582,2016-03-23-11-05-04am,gps,1.35484578,103.86632198,7.0,29.299999237060547,-1.0,0.0
2016-03-23-11-05-25am,1458702325568,1458702324500,2016-03-23-11-05-24am,gps,1.35494773,103.86653224,9.0,27.600000381469727,109.3,0.75
2016-03-23-11-05-35am,1458702335462,1458702334488,2016-03-23-11-05-34am,gps,1.3550684,103.86660128,5.0,23.700000762939453,65.3,1.0
2016-03-23-11-05-50am,1458702350523,1458702350493,2016-03-23-11-05-50am,network,1.3548896,103.8664679,34.5,-1.0,-1.0,-1.0
2016-03-23-11-06-05am,1458702365343,1458702364312,2016-03-23-11-06-04am,gps,1.35517868,103.86670705,4.0,22.700000762939453,333.2,0.75
2016-03-23-11-06-10am,1458702370570,1458702370527,2016-03-23-11-06-10am,network,1.3549293,103.8665485,33.0,-1.0,-1.0,-1.0
2016-03-23-11-06-25am,1458702385345,1458702384312,2016-03-23-11-06-24am,gps,1.35525951,103.86649461,4.0,15.199999809265137,275.4,0.75
2016-03-23-11-06-30am,1458702390575,1458702390534,2016-03-23-11-06-30am,network,1.3549107,103.8665109,36.0,-1.0,-1.0,-1.0
2016-03-23-11-06-46am,1458702406336,1458702405392,2016-03-23-11-06-45am,gps,1.35537456,103.86628842,6.0,18.5,344.0,0.75
2016-03-23-11-07-05am,1458702425478,1458702424452,2016-03-23-11-07-04am,gps,1.35564024,103.86611504,6.0,28.700000762939453,326.0,1.5
2016-03-23-11-07-11am,1458702431432,1458702430374,2016-03-23-11-07-10am,network,1.3553618,103.8662371,74.453,-1.0,-1.0,-1.0
2016-03-23-11-07-25am,1458702445367,1458702444372,2016-03-23-11-07-24am,gps,1.35583315,103.86610675,5.0,18.100000381469727,26.0,0.75
2016-03-23-11-07-30am,1458702450625,1458702450551,2016-03-23-11-07-30am,network,1.3553962,103.8662058,70.174,-1.0,-1.0,-1.0
2016-03-23-11-07-45am,1458702465540,1458702464612,2016-03-23-11-07-44am,gps,1.35611871,103.86601588,3.0,18.700000762939453,12.2,1.0
2016-03-23-11-07-50am,1458702470562,1458702470484,2016-03-23-11-07-50am,network,1.3553175,103.8661025,73.14,-1.0,-1.0,-1.0
2016-03-23-11-08-05am,1458702485454,1458702484452,2016-03-23-11-08-04am,gps,1.35621689,103.86601355,5.0,23.100000381469727,310.0,0.5
2016-03-23-11-08-12am,1458702492862,1458702490518,2016-03-23-11-08-10am,network,1.3563244,103.8660086,100.489,-1.0,-1.0,-1.0
2016-03-23-11-08-25am,1458702505423,1458702504432,2016-03-23-11-08-24am,gps,1.35622967,103.8659851,5.0,21.100000381469727,-1.0,0.0
2016-03-23-11-08-30am,1458702510735,1458702510522,2016-03-23-11-08-30am,network,1.3563978,103.8660517,93.251,-1.0,-1.0,-1.0
2016-03-23-11-08-50am,1458702530639,1458702530561,2016-03-23-11-08-50am,network,1.3564109,103.8660723,38.396,-1.0,-1.0,-1.0
2016-03-23-11-09-10am,1458702550703,1458702550647,2016-03-23-11-09-10am,network,1.3562957,103.8660619,45.0,-1.0,-1.0,-1.0
2016-03-23-11-09-17am,1458702557402,1458702557000,2016-03-23-11-09-17am,gps,1.35623091,103.8659853,102.0,20.700000762939453,-1.0,0.0
2016-03-23-11-09-30am,1458702570775,1458702570706,2016-03-23-11-09-30am,network,1.3565746,103.8660824,45.0,-1.0,-1.0,-1.0
2016-03-23-11-09-50am,1458702590779,1458702590730,2016-03-23-11-09-50am,network,1.3564642,103.8660636,48.0,-1.0,-1.0,-1.0
2016-03-23-11-10-10am,1458702610818,1458702610750,2016-03-23-11-10-10am,network,1.3565609,103.8660647,45.0,-1.0,-1.0,-1.0
2016-03-23-11-10-30am,1458702630805,1458702630720,2016-03-23-11-10-30am,network,1.3566012,103.8660661,49.5,-1.0,-1.0,-1.0
2016-03-23-11-10-36am,1458702636437,1458702636000,2016-03-23-11-10-36am,gps,1.3562376,103.86598302,58.0,20.600000381469727,292.2,0.25
2016-03-23-11-10-48am,1458702648414,1458702648000,2016-03-23-11-10-48am,gps,1.35609062,103.86595927,10.0,27.600000381469727,149.8,1.0
2016-03-23-11-10-58am,1458702658412,1458702658000,2016-03-23-11-10-58am,gps,1.35609955,103.86603541,9.0,28.299999237060547,-1.0,0.0
2016-03-23-11-11-08am,1458702668429,1458702668000,2016-03-23-11-11-08am,gps,1.35610707,103.86603567,12.0,27.799999237060547,-1.0,0.0
2016-03-23-11-11-20am,1458702680416,1458702680000,2016-03-23-11-11-20am,gps,1.35611264,103.86603483,35.0,28.100000381469727,-1.0,0.0
2016-03-23-11-11-31am,1458702691012,1458702690957,2016-03-23-11-11-30am,network,1.3565268,103.8661154,80.873,-1.0,-1.0,-1.0
2016-03-23-11-11-38am,1458702698449,1458702698000,2016-03-23-11-11-38am,gps,1.35611906,103.86603228,11.0,28.299999237060547,-1.0,0.0
2016-03-23-11-11-50am,1458702710992,1458702710957,2016-03-23-11-11-50am,network,1.3565248,103.8661036,81.12,-1.0,-1.0,-1.0
2016-03-23-11-11-57am,1458702717983,1458702716972,2016-03-23-11-11-56am,gps,1.35612469,103.86603193,8.0,28.600000381469727,-1.0,0.0
2016-03-23-11-12-08am,1458702728417,1458702728000,2016-03-23-11-12-08am,gps,1.35612932,103.86601622,9.0,28.100000381469727,-1.0,0.0
2016-03-23-11-12-19am,1458702739466,1458702739000,2016-03-23-11-12-19am,gps,1.35614157,103.86600676,24.0,27.399999618530273,-1.0,0.0
2016-03-23-11-12-31am,1458702751047,1458702751011,2016-03-23-11-12-31am,network,1.3564608,103.8660907,87.115,-1.0,-1.0,-1.0
2016-03-23-11-12-38am,1458702758014,1458702757072,2016-03-23-11-12-37am,gps,1.35614917,103.86599963,9.0,27.200000762939453,-1.0,0.0
2016-03-23-11-12-48am,1458702768432,1458702768000,2016-03-23-11-12-48am,gps,1.3561435,103.86600649,12.0,25.399999618530273,173.2,0.5
2016-03-23-11-12-58am,1458702778432,1458702778000,2016-03-23-11-12-58am,gps,1.35622419,103.86599634,12.0,27.600000381469727,173.2,0.25
2016-03-23-11-13-08am,1458702788419,1458702788000,2016-03-23-11-13-08am,gps,1.35618759,103.86599995,11.0,23.200000762939453,-1.0,0.0
2016-03-23-11-13-18am,1458702798425,1458702798000,2016-03-23-11-13-18am,gps,1.35619156,103.86602117,9.0,24.0,-1.0,0.0
2016-03-23-11-13-31am,1458702811164,1458702811130,2016-03-23-11-13-31am,network,1.3563507,103.8660782,97.369,-1.0,-1.0,-1.0
2016-03-23-11-13-38am,1458702818421,1458702818000,2016-03-23-11-13-38am,gps,1.35620116,103.86602479,9.0,24.600000381469727,-1.0,0.0
2016-03-23-11-13-51am,1458702831283,1458702831202,2016-03-23-11-13-51am,network,1.356327,103.8660781,99.558,-1.0,-1.0,-1.0
2016-03-23-11-13-58am,1458702838445,1458702838000,2016-03-23-11-13-58am,gps,1.35619102,103.86601628,10.0,19.899999618530273,-1.0,0.0
2016-03-23-11-14-08am,1458702848483,1458702848000,2016-03-23-11-14-08am,gps,1.35618317,103.8660128,12.0,18.700000762939453,-1.0,0.0
2016-03-23-11-14-18am,1458702858420,1458702858000,2016-03-23-11-14-18am,gps,1.35619877,103.86600797,11.0,19.799999237060547,-1.0,0.0
2016-03-23-11-14-31am,1458702871394,1458702871330,2016-03-23-11-14-31am,network,1.3565024,103.866101,83.206,-1.0,-1.0,-1.0
2016-03-23-11-14-38am,1458702878027,1458702877012,2016-03-23-11-14-37am,gps,1.35620914,103.8660076,8.0,20.600000381469727,-1.0,0.0
2016-03-23-11-14-48am,1458702888430,1458702888000,2016-03-23-11-14-48am,gps,1.3562139,103.866007,14.0,20.600000381469727,-1.0,0.0
2016-03-23-11-14-58am,1458702898470,1458702898000,2016-03-23-11-14-58am,gps,1.35622485,103.86600697,14.0,21.899999618530273,-1.0,0.0
2016-03-23-11-15-08am,1458702908427,1458702908000,2016-03-23-11-15-08am,gps,1.35622347,103.86600823,14.0,22.799999237060547,-1.0,0.0
2016-03-23-11-15-19am,1458702919474,1458702919000,2016-03-23-11-15-19am,gps,1.3562286,103.86600825,13.0,23.200000762939453,-1.0,0.0
2016-03-23-11-15-29am,1458702929482,1458702929000,2016-03-23-11-15-29am,gps,1.35622916,103.86600824,18.0,23.299999237060547,-1.0,0.0
2016-03-23-11-15-41am,1458702941433,1458702941000,2016-03-23-11-15-41am,gps,1.35623608,103.86600828,34.0,23.799999237060547,-1.0,0.0
2016-03-23-11-15-51am,1458702951566,1458702951530,2016-03-23-11-15-51am,network,1.3564887,103.8660968,84.497,-1.0,-1.0,-1.0
2016-03-23-11-15-59am,1458702959436,1458702959000,2016-03-23-11-15-59am,gps,1.35624525,103.86600865,19.0,24.600000381469727,-1.0,0.0
2016-03-23-11-16-10am,1458702970467,1458702970000,2016-03-23-11-16-10am,gps,1.35624553,103.86600867,27.0,24.600000381469727,-1.0,0.0
2016-03-23-11-16-29am,1458702989435,1458702989000,2016-03-23-11-16-29am,gps,1.35625388,103.86600867,19.0,25.200000762939453,-1.0,0.0
2016-03-23-11-16-39am,1458702999465,1458702999000,2016-03-23-11-16-39am,gps,1.35626006,103.86600877,19.0,25.700000762939453,-1.0,0.0
2016-03-23-11-16-53am,1458703013005,1458703012937,2016-03-23-11-16-52am,network,1.3563436,103.8660772,98.031,-1.0,-1.0,-1.0
2016-03-23-11-16-58am,1458703018433,1458703018000,2016-03-23-11-16-58am,gps,1.35626044,103.8660092,15.0,25.799999237060547,-1.0,0.0
2016-03-23-11-17-08am,1458703028452,1458703028000,2016-03-23-11-17-08am,gps,1.35626065,103.86600923,13.0,25.799999237060547,-1.0,0.0
2016-03-23-11-17-18am,1458703038442,1458703038000,2016-03-23-11-17-18am,gps,1.35626143,103.8660094,15.0,25.899999618530273,-1.0,0.0
2016-03-23-11-17-29am,1458703049469,1458703049000,2016-03-23-11-17-29am,gps,1.35626151,103.86600944999999,17.0,26.0,-1.0,0.0
2016-03-23-11-17-49am,1458703069487,1458703069000,2016-03-23-11-17-49am,gps,1.35626164,103.86600944,25.0,26.0,-1.0,0.0
2016-03-23-11-18-00am,1458703080844,1458703080757,2016-03-23-11-18-00am,network,1.3562821,103.8660583,103.853,-1.0,-1.0,-1.0
2016-03-23-11-18-14am,1458703094454,1458703094000,2016-03-23-11-18-14am,gps,1.35626161,103.86600956,47.0,26.0,-1.0,0.0
2016-03-23-11-18-20am,1458703100890,1458703100799,2016-03-23-11-18-20am,network,1.3562828,103.8660601,103.774,-1.0,-1.0,-1.0
2016-03-23-11-18-33am,1458703113473,1458703113000,2016-03-23-11-18-33am,gps,1.35626362,103.86601038,47.0,26.700000762939453,-1.0,0.0
2016-03-23-11-18-40am,1458703120781,1458703120728,2016-03-23-11-18-40am,network,1.3565713,103.8661188,76.741,-1.0,-1.0,-1.0
2016-03-23-11-18-50am,1458703130455,1458703130000,2016-03-23-11-18-50am,gps,1.35625883,103.86601161,30.0,26.100000381469727,-1.0,0.0
2016-03-23-11-19-00am,1458703140448,1458703140000,2016-03-23-11-19-00am,gps,1.35624501,103.86601335,28.0,25.600000381469727,-1.0,0.0
2016-03-23-11-19-11am,1458703151489,1458703151000,2016-03-23-11-19-11am,gps,1.35624651,103.86601357,38.0,25.799999237060547,-1.0,0.0
2016-03-23-11-19-20am,1458703160980,1458703160911,2016-03-23-11-19-20am,network,1.35643,103.866059,112.107,-1.0,-1.0,-1.0
2016-03-23-11-19-29am,1458703169454,1458703169000,2016-03-23-11-19-29am,gps,1.35624707,103.86601384,23.0,25.899999618530273,-1.0,0.0
2016-03-23-11-19-41am,1458703181001,1458703180968,2016-03-23-11-19-40am,network,1.3563939,103.8660724,109.921,-1.0,-1.0,-1.0
2016-03-23-11-19-59am,1458703199447,1458703199000,2016-03-23-11-19-59am,gps,1.35624747,103.86601436,15.0,25.899999618530273,-1.0,0.0
2016-03-23-11-20-18am,1458703218485,1458703218000,2016-03-23-11-20-18am,gps,1.35624829,103.86601452,13.0,26.0,-1.0,0.0
2016-03-23-11-20-28am,1458703228456,1458703228000,2016-03-23-11-20-28am,gps,1.35624876,103.86601463,16.0,26.0,-1.0,0.0
2016-03-23-11-20-38am,1458703238496,1458703238000,2016-03-23-11-20-38am,gps,1.35624865,103.86601464,15.0,26.0,-1.0,0.0
2016-03-23-11-20-49am,1458703249448,1458703249000,2016-03-23-11-20-49am,gps,1.3562493,103.86601467,26.0,26.0,-1.0,0.0
2016-03-23-11-21-01am,1458703261170,1458703261126,2016-03-23-11-21-01am,network,1.3563794,103.8660412,107.248,-1.0,-1.0,-1.0
2016-03-23-11-21-08am,1458703268448,1458703268000,2016-03-23-11-21-08am,gps,1.35624983,103.8660147,15.0,26.100000381469727,-1.0,0.0
2016-03-23-11-21-19am,1458703279452,1458703279000,2016-03-23-11-21-19am,gps,1.35624983,103.86601471,23.0,26.100000381469727,-1.0,0.0
2016-03-23-11-21-39am,1458703299489,1458703299000,2016-03-23-11-21-39am,gps,1.35625043,103.86601478,25.0,26.100000381469727,-1.0,0.0
2016-03-23-11-21-58am,1458703318469,1458703318000,2016-03-23-11-21-58am,gps,1.35625258,103.86601498,11.0,26.299999237060547,-1.0,0.0
2016-03-23-11-22-17am,1458703337774,1458703336792,2016-03-23-11-22-16am,gps,1.35625471,103.86601521,5.0,26.399999618530273,-1.0,0.0
2016-03-23-11-22-22am,1458703342963,1458703342932,2016-03-23-11-22-22am,network,1.3564625,103.8660942,86.934,-1.0,-1.0,-1.0
2016-03-23-11-22-28am,1458703348457,1458703348000,2016-03-23-11-22-28am,gps,1.35625559,103.86601526,14.0,26.5,-1.0,0.0
2016-03-23-11-22-39am,1458703359457,1458703359000,2016-03-23-11-22-39am,gps,1.35625627,103.8660154,20.0,26.600000381469727,-1.0,0.0
2016-03-23-11-22-58am,1458703378465,1458703378000,2016-03-23-11-22-58am,gps,1.35625831,103.86601587,13.0,26.700000762939453,-1.0,0.0
2016-03-23-11-23-09am,1458703389509,1458703389000,2016-03-23-11-23-09am,gps,1.35626005,103.86601609,18.0,26.799999237060547,-1.0,0.0
2016-03-23-11-23-21am,1458703401466,1458703401000,2016-03-23-11-23-21am,gps,1.35626018,103.86601609,43.0,26.799999237060547,-1.0,0.0
2016-03-23-11-23-39am,1458703419491,1458703419000,2016-03-23-11-23-39am,gps,1.35626187,103.86601629,26.0,27.0,-1.0,0.0
2016-03-23-11-23-58am,1458703438463,1458703438000,2016-03-23-11-23-58am,gps,1.35626276,103.86601644,13.0,27.0,-1.0,0.0
2016-03-23-11-24-09am,1458703449468,1458703449000,2016-03-23-11-24-09am,gps,1.35626374,103.86601664,21.0,27.100000381469727,-1.0,0.0
2016-03-23-11-24-19am,1458703459468,1458703459000,2016-03-23-11-24-19am,gps,1.35626381,103.86601663,23.0,27.100000381469727,-1.0,0.0
2016-03-23-11-24-29am,1458703469482,1458703469000,2016-03-23-11-24-29am,gps,1.35626392,103.86601683,20.0,27.200000762939453,-1.0,0.0
2016-03-23-11-24-39am,1458703479471,1458703479000,2016-03-23-11-24-39am,gps,1.35626385,103.86601688,18.0,27.200000762939453,-1.0,0.0
2016-03-23-11-24-52am,1458703492479,1458703492000,2016-03-23-11-24-52am,gps,1.35626448,103.86601693,45.0,27.200000762939453,-1.0,0.0
2016-03-23-11-25-03am,1458703503125,1458703503055,2016-03-23-11-25-03am,network,1.3563745,103.8660738,108.481,-1.0,-1.0,-1.0
2016-03-23-11-25-09am,1458703509474,1458703509000,2016-03-23-11-25-09am,gps,1.35626518,103.86601698,18.0,27.299999237060547,-1.0,0.0
2016-03-23-11-25-20am,1458703520469,1458703520000,2016-03-23-11-25-20am,gps,1.35626741,103.86601627,27.0,27.200000762939453,-1.0,0.0
2016-03-23-11-25-43am,1458703543167,1458703543140,2016-03-23-11-25-43am,network,1.3564903,103.8660953,84.359,-1.0,-1.0,-1.0
2016-03-23-11-25-50am,1458703550474,1458703550000,2016-03-23-11-25-50am,gps,1.35626961,103.86601643,74.0,27.399999618530273,-1.0,0.0
2016-03-23-11-26-03am,1458703563251,1458703563164,2016-03-23-11-26-03am,network,1.3564903,103.8660953,84.359,-1.0,-1.0,-1.0
2016-03-23-11-26-11am,1458703571483,1458703571000,2016-03-23-11-26-11am,gps,1.35627086,103.86601704,54.0,27.5,-1.0,0.0
2016-03-23-11-26-23am,1458703583350,1458703583278,2016-03-23-11-26-23am,network,1.3565356,103.8661067,80.104,-1.0,-1.0,-1.0
2016-03-23-11-26-35am,1458703595490,1458703595000,2016-03-23-11-26-35am,gps,1.35626943,103.86601833,27.0,27.399999618530273,-1.0,0.0
2016-03-23-11-26-43am,1458703603304,1458703603259,2016-03-23-11-26-43am,network,1.3565377,103.8661098,79.893,-1.0,-1.0,-1.0
2016-03-23-11-26-54am,1458703614472,1458703614000,2016-03-23-11-26-54am,gps,1.35627101,103.86601882,22.0,27.5,-1.0,0.0
2016-03-23-11-27-03am,1458703623321,1458703623230,2016-03-23-11-27-03am,network,1.356615,103.8661002,72.809,-1.0,-1.0,-1.0
2016-03-23-11-27-14am,1458703634546,1458703634000,2016-03-23-11-27-14am,gps,1.35627408,103.8660191,26.0,27.799999237060547,-1.0,0.0
2016-03-23-11-27-23am,1458703643479,1458703643397,2016-03-23-11-27-23am,network,1.3565877,103.8661001,75.331,-1.0,-1.0,-1.0
2016-03-23-11-27-35am,1458703655492,1458703655000,2016-03-23-11-27-35am,gps,1.3562765,103.86601946,35.0,28.0,-1.0,0.0
2016-03-23-11-27-43am,1458703663391,1458703663343,2016-03-23-11-27-43am,network,1.356453,103.866087,87.861,-1.0,-1.0,-1.0
2016-03-23-11-27-53am,1458703673480,1458703673000,2016-03-23-11-27-53am,gps,1.35627783,103.86601972,15.0,28.100000381469727,-1.0,0.0
2016-03-23-11-28-03am,1458703683492,1458703683000,2016-03-23-11-28-03am,gps,1.35627792,103.86601974,12.0,28.100000381469727,-1.0,0.0
2016-03-23-11-28-13am,1458703693509,1458703693000,2016-03-23-11-28-13am,gps,1.35627816,103.86601976,15.0,28.100000381469727,-1.0,0.0
2016-03-23-11-28-23am,1458703703528,1458703703468,2016-03-23-11-28-23am,network,1.356337,103.8660296,103.348,-1.0,-1.0,-1.0
2016-03-23-11-28-43am,1458703723489,1458703723000,2016-03-23-11-28-43am,gps,1.35627854,103.86601984,15.0,28.200000762939453,-1.0,0.0
2016-03-23-11-28-53am,1458703733512,1458703733000,2016-03-23-11-28-53am,gps,1.35627901,103.86601989,14.0,28.200000762939453,-1.0,0.0
2016-03-23-11-29-03am,1458703743555,1458703743525,2016-03-23-11-29-03am,network,1.3564357,103.8660498,112.123,-1.0,-1.0,-1.0
2016-03-23-11-29-23am,1458703763618,1458703763581,2016-03-23-11-29-23am,network,1.3565859,103.8661167,75.401,-1.0,-1.0,-1.0
2016-03-23-11-29-40am,1458703780530,1458703780000,2016-03-23-11-29-40am,gps,1.35628161,103.86602027,98.0,28.399999618530273,-1.0,0.0
2016-03-23-11-30-01am,1458703801497,1458703801000,2016-03-23-11-30-01am,gps,1.35627145,103.86602169,51.0,28.600000381469727,-1.0,0.0
2016-03-23-11-30-25am,1458703825222,1458703825178,2016-03-23-11-30-25am,network,1.3564875,103.8661032,84.57,-1.0,-1.0,-1.0
2016-03-23-11-30-45am,1458703845128,1458703845092,2016-03-23-11-30-45am,network,1.3565075,103.8661085,82.692,-1.0,-1.0,-1.0
2016-03-23-11-30-50am,1458703850482,1458703850000,2016-03-23-11-30-50am,gps,1.35624186,103.86602584,57.0,29.200000762939453,-1.0,0.0
2016-03-23-11-31-05am,1458703865301,1458703865234,2016-03-23-11-31-05am,network,1.3563538,103.8660444,105.396,-1.0,-1.0,-1.0
2016-03-23-11-31-25am,1458703885217,1458703885172,2016-03-23-11-31-25am,network,1.3563538,103.8660444,105.396,-1.0,-1.0,-1.0
2016-03-23-11-31-45am,1458703905261,1458703905201,2016-03-23-11-31-45am,network,1.3563445,103.8660244,103.681,-1.0,-1.0,-1.0
2016-03-23-11-32-04am,1458703924503,1458703924000,2016-03-23-11-32-04am,gps,1.35623504,103.8660283,47.0,30.200000762939453,-1.0,0.0
2016-03-23-11-32-25am,1458703945327,1458703945286,2016-03-23-11-32-25am,network,1.3565442,103.8661116,79.282,-1.0,-1.0,-1.0
2016-03-23-11-32-30am,1458703950534,1458703950000,2016-03-23-11-32-30am,gps,1.35623766,103.86602927,54.0,30.5,-1.0,0.0
2016-03-23-11-32-45am,1458703965306,1458703965246,2016-03-23-11-32-45am,network,1.3565102,103.8661036,82.469,-1.0,-1.0,-1.0
2016-03-23-11-33-05am,1458703985440,1458703985375,2016-03-23-11-33-05am,network,1.3564993,103.8661034,83.478,-1.0,-1.0,-1.0
2016-03-23-11-33-12am,1458703992499,1458703992000,2016-03-23-11-33-12am,gps,1.35623749,103.86603101,46.0,31.600000381469727,-1.0,0.0
2016-03-23-11-33-25am,1458704005497,1458704005000,2016-03-23-11-33-25am,gps,1.35623501,103.86603384,22.0,31.700000762939453,-1.0,0.0
2016-03-23-11-33-36am,1458704016495,1458704016000,2016-03-23-11-33-36am,gps,1.35623448,103.86603439,35.0,31.700000762939453,-1.0,0.0
2016-03-23-11-33-45am,1458704025567,1458704025526,2016-03-23-11-33-45am,network,1.3565943,103.8661233,74.594,-1.0,-1.0,-1.0
2016-03-23-11-33-54am,1458704034533,1458704034000,2016-03-23-11-33-54am,gps,1.35623535,103.86603489,9.0,31.899999618530273,-1.0,0.0
2016-03-23-11-34-04am,1458704044545,1458704044000,2016-03-23-11-34-04am,gps,1.35623531,103.86603491,13.0,31.899999618530273,-1.0,0.0
2016-03-23-11-34-14am,1458704054497,1458704054000,2016-03-23-11-34-14am,gps,1.35623628,103.86603516,9.0,32.0,-1.0,0.0
2016-03-23-11-34-24am,1458704064504,1458704064000,2016-03-23-11-34-24am,gps,1.35623612,103.86603518,12.0,31.899999618530273,-1.0,0.0
2016-03-23-11-34-34am,1458704074537,1458704074000,2016-03-23-11-34-34am,gps,1.35623702,103.86603543,15.0,32.0,-1.0,0.0
2016-03-23-11-34-45am,1458704085505,1458704085000,2016-03-23-11-34-45am,gps,1.35623704,103.86603544,21.0,32.0,-1.0,0.0
2016-03-23-11-35-04am,1458704104502,1458704104000,2016-03-23-11-35-04am,gps,1.35623816,103.86603578,13.0,32.20000076293945,-1.0,0.0
2016-03-23-11-35-14am,1458704114535,1458704114000,2016-03-23-11-35-14am,gps,1.35623949,103.86603605,12.0,32.29999923706055,-1.0,0.0
2016-03-23-11-35-24am,1458704124533,1458704124000,2016-03-23-11-35-24am,gps,1.35623946,103.86603606,11.0,32.29999923706055,-1.0,0.0
2016-03-23-11-35-43am,1458704143902,1458704142792,2016-03-23-11-35-42am,gps,1.3562405,103.86603634,5.0,32.400001525878906,-1.0,0.0
2016-03-23-11-35-53am,1458704153906,1458704152772,2016-03-23-11-35-52am,gps,1.35623471,103.86603753,5.0,32.400001525878906,-1.0,0.0
2016-03-23-11-36-03am,1458704163902,1458704162772,2016-03-23-11-36-02am,gps,1.35622755,103.86603919,6.0,32.29999923706055,-1.0,0.0
2016-03-23-11-36-13am,1458704173899,1458704172792,2016-03-23-11-36-12am,gps,1.35622106,103.86604099,9.0,32.29999923706055,-1.0,0.0
2016-03-23-11-36-23am,1458704183815,1458704182772,2016-03-23-11-36-22am,gps,1.35621739,103.86604179,8.0,32.29999923706055,-1.0,0.0
2016-03-23-11-36-34am,1458704194586,1458704194000,2016-03-23-11-36-34am,gps,1.35621338,103.86604384,10.0,32.099998474121094,-1.0,0.0
2016-03-23-11-36-44am,1458704204529,1458704204000,2016-03-23-11-36-44am,gps,1.35620867,103.86604561,9.0,31.799999237060547,-1.0,0.0
2016-03-23-11-37-04am,1458704224507,1458704224000,2016-03-23-11-37-04am,gps,1.35623596,103.86608124,11.0,42.70000076293945,173.2,0.25
2016-03-23-11-37-14am,1458704234512,1458704234000,2016-03-23-11-37-14am,gps,1.35623502,103.86606665,12.0,51.29999923706055,173.2,0.5
2016-03-23-11-37-25am,1458704245510,1458704245000,2016-03-23-11-37-25am,gps,1.35632078,103.8660734,19.0,52.0,294.9,0.75
2016-03-23-11-37-35am,1458704255539,1458704255000,2016-03-23-11-37-35am,gps,1.35629291,103.86604877,23.0,47.5,276.3,0.25
2016-03-23-11-37-46am,1458704266167,1458704265963,2016-03-23-11-37-45am,network,1.3563643,103.8660647,96.219,-1.0,-1.0,-1.0
2016-03-23-11-37-54am,1458704274546,1458704274000,2016-03-23-11-37-54am,gps,1.35625755,103.86613681,11.0,46.099998474121094,276.3,0.5
2016-03-23-11-38-04am,1458704284517,1458704284000,2016-03-23-11-38-04am,gps,1.35618014,103.86611171,14.0,48.0,276.3,0.25
2016-03-23-11-38-14am,1458704294544,1458704294000,2016-03-23-11-38-14am,gps,1.35621028,103.86607071,13.0,50.599998474121094,276.3,0.25
2016-03-23-11-38-24am,1458704304555,1458704304000,2016-03-23-11-38-24am,gps,1.35617944,103.86604704,9.0,41.0,276.3,0.5
2016-03-23-11-38-43am,1458704323858,1458704322752,2016-03-23-11-38-42am,gps,1.35623899,103.86616912,9.0,50.29999923706055,276.3,0.5
2016-03-23-11-38-53am,1458704333936,1458704332772,2016-03-23-11-38-52am,gps,1.35623466,103.86612248,9.0,49.79999923706055,276.3,0.25
2016-03-23-11-39-04am,1458704344551,1458704344000,2016-03-23-11-39-04am,gps,1.35629345,103.86616934,15.0,50.599998474121094,276.3,0.5
2016-03-23-11-39-14am,1458704354541,1458704354000,2016-03-23-11-39-14am,gps,1.35626611,103.86608397,10.0,43.400001525878906,276.3,0.25
2016-03-23-11-39-24am,1458704364540,1458704364000,2016-03-23-11-39-24am,gps,1.35624321,103.86603559,10.0,43.400001525878906,276.3,0.5
2016-03-23-11-39-34am,1458704374582,1458704374000,2016-03-23-11-39-34am,gps,1.35625411,103.86606138,14.0,43.20000076293945,276.3,0.5
2016-03-23-11-39-44am,1458704384561,1458704384000,2016-03-23-11-39-44am,gps,1.35630223,103.86606778,11.0,39.900001525878906,-1.0,0.0
2016-03-23-11-39-54am,1458704394521,1458704394000,2016-03-23-11-39-54am,gps,1.3562606,103.86613778,13.0,39.20000076293945,-1.0,0.0
2016-03-23-11-40-05am,1458704405520,1458704405000,2016-03-23-11-40-05am,gps,1.3562517,103.86615567,16.0,39.099998474121094,-1.0,0.0
2016-03-23-11-40-15am,1458704415520,1458704415000,2016-03-23-11-40-15am,gps,1.35625256,103.86615144,15.0,38.900001525878906,-1.0,0.0
2016-03-23-11-40-26am,1458704426315,1458704426271,2016-03-23-11-40-26am,network,1.3564966,103.8661041,83.723,-1.0,-1.0,-1.0
2016-03-23-11-40-34am,1458704434523,1458704434000,2016-03-23-11-40-34am,gps,1.35625444,103.86614871,14.0,39.0,-1.0,0.0
2016-03-23-11-40-45am,1458704445528,1458704445000,2016-03-23-11-40-45am,gps,1.35625428,103.8661485,14.0,39.0,-1.0,0.0
2016-03-23-11-41-04am,1458704464534,1458704464000,2016-03-23-11-41-04am,gps,1.35625566,103.86614446,12.0,38.900001525878906,-1.0,0.0
2016-03-23-11-41-14am,1458704474524,1458704474000,2016-03-23-11-41-14am,gps,1.35625696,103.86614217,13.0,39.0,-1.0,0.0
2016-03-23-11-41-24am,1458704484561,1458704484000,2016-03-23-11-41-24am,gps,1.35625684,103.86614176,13.0,39.0,-1.0,0.0
2016-03-23-11-41-34am,1458704494540,1458704494000,2016-03-23-11-41-34am,gps,1.35625845,103.86613961,13.0,39.0,-1.0,0.0
2016-03-23-11-41-45am,1458704505536,1458704505000,2016-03-23-11-41-45am,gps,1.35625821,103.8661395,17.0,39.0,-1.0,0.0
2016-03-23-11-42-05am,1458704525571,1458704525000,2016-03-23-11-42-05am,gps,1.35625819,103.86613787,15.0,39.099998474121094,-1.0,0.0
2016-03-23-11-42-15am,1458704535537,1458704535000,2016-03-23-11-42-15am,gps,1.35625816,103.86613671,15.0,39.099998474121094,-1.0,0.0
2016-03-23-11-42-26am,1458704546614,1458704546449,2016-03-23-11-42-26am,network,1.3564489,103.8660849,114.85,-1.0,-1.0,-1.0
2016-03-23-11-42-34am,1458704554555,1458704554000,2016-03-23-11-42-34am,gps,1.35625792,103.86613547,11.0,39.20000076293945,-1.0,0.0
2016-03-23-11-42-44am,1458704564540,1458704564000,2016-03-23-11-42-44am,gps,1.35625777,103.86613546,13.0,39.20000076293945,-1.0,0.0
2016-03-23-11-42-54am,1458704574532,1458704574000,2016-03-23-11-42-54am,gps,1.35625854,103.86613439999999,11.0,39.20000076293945,-1.0,0.0
2016-03-23-11-43-04am,1458704584559,1458704584000,2016-03-23-11-43-04am,gps,1.35625837,103.86613398,12.0,39.099998474121094,-1.0,0.0
2016-03-23-11-43-14am,1458704594531,1458704594000,2016-03-23-11-43-14am,gps,1.35626151,103.86613137,10.0,39.20000076293945,-1.0,0.0
2016-03-23-11-43-24am,1458704604545,1458704604000,2016-03-23-11-43-24am,gps,1.35626163,103.86613094,12.0,39.20000076293945,-1.0,0.0
2016-03-23-11-43-34am,1458704614537,1458704614000,2016-03-23-11-43-34am,gps,1.35626462,103.86612873,14.0,39.29999923706055,-1.0,0.0
2016-03-23-11-43-44am,1458704624537,1458704624000,2016-03-23-11-43-44am,gps,1.35626471,103.86612827,15.0,39.20000076293945,-1.0,0.0
2016-03-23-11-43-54am,1458704634546,1458704634000,2016-03-23-11-43-54am,gps,1.3562679,103.86612597,13.0,39.29999923706055,-1.0,0.0
2016-03-23-11-44-06am,1458704646838,1458704646788,2016-03-23-11-44-06am,network,1.3565069,103.8660646,83.079,-1.0,-1.0,-1.0
2016-03-23-11-44-14am,1458704654542,1458704654000,2016-03-23-11-44-14am,gps,1.35626838,103.86612944,12.0,39.79999923706055,-1.0,0.0
2016-03-23-11-44-24am,1458704664539,1458704664000,2016-03-23-11-44-24am,gps,1.35626927,103.86610349,9.0,41.20000076293945,-1.0,0.0
2016-03-23-11-44-44am,1458704684549,1458704684000,2016-03-23-11-44-44am,gps,1.35625908,103.86609405,9.0,40.900001525878906,-1.0,0.0
2016-03-23-11-45-03am,1458704703961,1458704702832,2016-03-23-11-45-02am,gps,1.35625115,103.86607155,7.0,41.400001525878906,-1.0,0.0
2016-03-23-11-45-23am,1458704723985,1458704722852,2016-03-23-11-45-22am,gps,1.35623721,103.86608175,5.0,42.5,-1.0,0.0
2016-03-23-11-45-34am,1458704734584,1458704734000,2016-03-23-11-45-34am,gps,1.35623908,103.8660888,12.0,42.5,-1.0,0.0
2016-03-23-11-45-46am,1458704746990,1458704746957,2016-03-23-11-45-46am,network,1.356436,103.8660665,112.942,-1.0,-1.0,-1.0
2016-03-23-11-45-54am,1458704754541,1458704754000,2016-03-23-11-45-54am,gps,1.35623871,103.86608586,12.0,42.099998474121094,-1.0,0.0
2016-03-23-11-46-07am,1458704767092,1458704767035,2016-03-23-11-46-07am,network,1.3565901,103.8661024,126.947,-1.0,-1.0,-1.0
2016-03-23-11-46-13am,1458704773935,1458704772772,2016-03-23-11-46-12am,gps,1.35623677,103.8660859,5.0,42.70000076293945,-1.0,0.0
2016-03-23-11-46-23am,1458704783883,1458704782772,2016-03-23-11-46-22am,gps,1.35623186,103.86608283,9.0,41.70000076293945,-1.0,0.0
2016-03-23-11-46-33am,1458704793857,1458704792792,2016-03-23-11-46-32am,gps,1.3562299,103.86608159,6.0,41.70000076293945,-1.0,0.0
2016-03-23-11-46-44am,1458704804549,1458704804000,2016-03-23-11-46-44am,gps,1.35622866,103.86608148,10.0,41.599998474121094,-1.0,0.0
2016-03-23-11-47-03am,1458704823961,1458704822812,2016-03-23-11-47-02am,gps,1.35623159,103.86607887,6.0,42.599998474121094,-1.0,0.0
2016-03-23-11-47-13am,1458704833875,1458704832752,2016-03-23-11-47-12am,gps,1.3562324,103.86607863,7.0,43.0,-1.0,0.0
2016-03-23-11-47-23am,1458704843977,1458704842832,2016-03-23-11-47-22am,gps,1.35623231,103.86607967,7.0,43.0,-1.0,0.0
2016-03-23-11-47-34am,1458704854546,1458704854000,2016-03-23-11-47-34am,gps,1.35622974,103.86607958,9.0,42.20000076293945,-1.0,0.0
2016-03-23-11-47-47am,1458704867215,1458704867140,2016-03-23-11-47-47am,network,1.356411,103.8660626,110.779,-1.0,-1.0,-1.0
2016-03-23-11-47-54am,1458704874349,1458704872780,2016-03-23-11-47-52am,gps,1.356191,103.86608499,6.0,33.599998474121094,276.3,0.75
2016-03-23-11-48-07am,1458704887208,1458704887166,2016-03-23-11-48-07am,network,1.3563121,103.8660789,115.863,-1.0,-1.0,-1.0
2016-03-23-11-48-14am,1458704894029,1458704892843,2016-03-23-11-48-12am,gps,1.35597083,103.86605283,5.0,16.700000762939453,168.4,1.0
2016-03-23-11-48-24am,1458704904345,1458704902971,2016-03-23-11-48-22am,gps,1.355877,103.86599437,5.0,17.200000762939453,186.1,1.0
2016-03-23-11-48-43am,1458704923941,1458704922837,2016-03-23-11-48-42am,gps,1.35566353,103.86596784,4.0,23.700000762939453,202.8,1.25
2016-03-23-11-48-53am,1458704933959,1458704932778,2016-03-23-11-48-52am,gps,1.35563367,103.86596354,4.0,20.0,-1.0,0.0
2016-03-23-11-49-03am,1458704943933,1458704942759,2016-03-23-11-49-02am,gps,1.3555584999999999,103.86600314,5.0,15.5,157.1,0.75
2016-03-23-11-49-09am,1458704949417,1458704949338,2016-03-23-11-49-09am,network,1.3555978,103.8659948,92.431,-1.0,-1.0,-1.0
2016-03-23-11-49-29am,1458704969522,1458704969441,2016-03-23-11-49-29am,network,1.355395,103.8660374,64.52,-1.0,-1.0,-1.0
2016-03-23-11-49-44am,1458704984134,1458704982940,2016-03-23-11-49-42am,gps,1.35518562,103.86579698,4.0,12.800000190734863,225.4,1.0
2016-03-23-11-49-49am,1458704989475,1458704989399,2016-03-23-11-49-49am,network,1.3553289,103.8659071,44.25,-1.0,-1.0,-1.0
2016-03-23-11-50-04am,1458705004183,1458705002940,2016-03-23-11-50-02am,gps,1.35504006,103.86568415,4.0,14.800000190734863,221.2,1.0
2016-03-23-11-50-09am,1458705009707,1458705009666,2016-03-23-11-50-09am,network,1.3556578,103.8658117,49.942,-1.0,-1.0,-1.0
2016-03-23-11-50-24am,1458705024409,1458705023000,2016-03-23-11-50-23am,gps,1.35486839,103.86554188,4.0,15.5,221.5,1.0
2016-03-23-11-50-30am,1458705030779,1458705029658,2016-03-23-11-50-29am,network,1.3551579,103.8657256,61.369,-1.0,-1.0,-1.0
2016-03-23-11-50-43am,1458705043994,1458705042768,2016-03-23-11-50-42am,gps,1.35468224,103.86539766,4.0,23.700000762939453,195.8,1.25
2016-03-23-11-50-49am,1458705049732,1458705049689,2016-03-23-11-50-49am,network,1.3549478,103.865502,50.197,-1.0,-1.0,-1.0
2016-03-23-11-51-04am,1458705064172,1458705062963,2016-03-23-11-51-02am,gps,1.35452005,103.86546776,9.0,20.700000762939453,158.1,0.75
2016-03-23-11-51-09am,1458705069937,1458705069882,2016-03-23-11-51-09am,network,1.3547526,103.8655837,46.372,-1.0,-1.0,-1.0
2016-03-23-11-51-29am,1458705089853,1458705089789,2016-03-23-11-51-29am,network,1.3547249,103.8656003,41.175,-1.0,-1.0,-1.0
2016-03-23-11-51-44am,1458705104565,1458705104000,2016-03-23-11-51-44am,gps,1.3546735,103.86575749,8.0,19.100000381469727,-1.0,0.0
2016-03-23-11-51-49am,1458705109892,1458705109848,2016-03-23-11-51-49am,network,1.3546385,103.8656076,42.0,-1.0,-1.0,-1.0
2016-03-23-11-52-04am,1458705124629,1458705124000,2016-03-23-11-52-04am,gps,1.35464606,103.86579152,9.0,28.799999237060547,-1.0,0.0
2016-03-23-11-52-09am,1458705129923,1458705129849,2016-03-23-11-52-09am,network,1.3545726,103.8656052,48.0,-1.0,-1.0,-1.0
2016-03-23-11-52-29am,1458705149916,1458705149866,2016-03-23-11-52-29am,network,1.3545819,103.8656222,57.0,-1.0,-1.0,-1.0
2016-03-23-11-52-44am,1458705164577,1458705164000,2016-03-23-11-52-44am,gps,1.35449425,103.86581447,14.0,37.5,-1.0,0.0
2016-03-23-11-52-49am,1458705169829,1458705169779,2016-03-23-11-52-49am,network,1.3545819,103.8656221,57.0,-1.0,-1.0,-1.0
2016-03-23-11-53-04am,1458705184584,1458705184000,2016-03-23-11-53-04am,gps,1.3544339,103.86581136,13.0,45.0,-1.0,0.0
2016-03-23-11-53-09am,1458705189911,1458705189877,2016-03-23-11-53-09am,network,1.3545218,103.865484,64.5,-1.0,-1.0,-1.0
2016-03-23-11-53-24am,1458705204579,1458705204000,2016-03-23-11-53-24am,gps,1.35443567,103.86580966,12.0,45.099998474121094,-1.0,0.0
2016-03-23-11-53-29am,1458705209988,1458705209958,2016-03-23-11-53-29am,network,1.3545385,103.8655425,70.5,-1.0,-1.0,-1.0
2016-03-23-11-53-53am,1458705233975,1458705232789,2016-03-23-11-53-52am,gps,1.35431979,103.86583796,8.0,46.0,-1.0,0.0
2016-03-23-11-53-59am,1458705239094,1458705229828,2016-03-23-11-53-49am,network,1.3544571,103.8655435,36.86,-1.0,-1.0,-1.0
2016-03-23-11-54-10am,1458705250044,1458705249984,2016-03-23-11-54-09am,network,1.3544672,103.8655574,38.402,-1.0,-1.0,-1.0
2016-03-23-11-54-24am,1458705264589,1458705264000,2016-03-23-11-54-24am,gps,1.35432632,103.86587687,11.0,47.29999923706055,-1.0,0.0
2016-03-23-11-54-29am,1458705269989,1458705269953,2016-03-23-11-54-29am,network,1.3544518,103.8655146,34.827,-1.0,-1.0,-1.0
2016-03-23-11-54-44am,1458705284580,1458705284000,2016-03-23-11-54-44am,gps,1.35432593,103.86588182,11.0,47.599998474121094,-1.0,0.0
2016-03-23-11-54-50am,1458705290142,1458705290052,2016-03-23-11-54-50am,network,1.3544539,103.8655035,34.385,-1.0,-1.0,-1.0
2016-03-23-11-55-04am,1458705304016,1458705302809,2016-03-23-11-55-02am,gps,1.35432068,103.86588384,6.0,48.099998474121094,-1.0,0.0
2016-03-23-11-55-10am,1458705310079,1458705310008,2016-03-23-11-55-10am,network,1.3544741,103.8655522,38.59,-1.0,-1.0,-1.0
2016-03-23-11-55-24am,1458705324583,1458705324000,2016-03-23-11-55-24am,gps,1.35433272,103.86586176,10.0,47.20000076293945,-1.0,0.0
2016-03-23-11-55-30am,1458705330196,1458705330148,2016-03-23-11-55-30am,network,1.3545048,103.8655806,30.0,-1.0,-1.0,-1.0
2016-03-23-11-55-44am,1458705344227,1458705343009,2016-03-23-11-55-43am,gps,1.35430546,103.86586081,7.0,47.400001525878906,-1.0,0.0
2016-03-23-11-55-50am,1458705350233,1458705350198,2016-03-23-11-55-50am,network,1.354499,103.8655758,30.0,-1.0,-1.0,-1.0
2016-03-23-11-56-04am,1458705364235,1458705363049,2016-03-23-11-56-03am,gps,1.35433927,103.8658276,6.0,45.20000076293945,-1.0,0.0
2016-03-23-11-56-10am,1458705370193,1458705370148,2016-03-23-11-56-10am,network,1.3545002,103.8655891,30.0,-1.0,-1.0,-1.0
2016-03-23-11-56-24am,1458705384583,1458705384000,2016-03-23-11-56-24am,gps,1.35433145,103.86582718,12.0,45.900001525878906,-1.0,0.0
2016-03-23-11-56-30am,1458705390311,1458705390266,2016-03-23-11-56-30am,network,1.3544949,103.8655923,42.452,-1.0,-1.0,-1.0
2016-03-23-11-56-50am,1458705410199,1458705410152,2016-03-23-11-56-50am,network,1.3545082,103.8655822,42.792,-1.0,-1.0,-1.0
2016-03-23-11-57-04am,1458705424584,1458705424000,2016-03-23-11-57-04am,gps,1.3546064,103.86624178,12.0,37.0,66.2,7.0
2016-03-23-11-57-10am,1458705430324,1458705430201,2016-03-23-11-57-10am,network,1.3545689,103.8657207,55.609,-1.0,-1.0,-1.0
2016-03-23-11-57-30am,1458705450527,1458705450436,2016-03-23-11-57-30am,network,1.3545888,103.865751,58.907,-1.0,-1.0,-1.0
2016-03-23-11-57-50am,1458705470521,1458705470466,2016-03-23-11-57-50am,network,1.3548186,103.8663183,118.5,-1.0,-1.0,-1.0
2016-03-23-11-58-04am,1458705484596,1458705484000,2016-03-23-11-58-04am,gps,1.35530657,103.86765832,8.0,28.299999237060547,73.0,3.5
2016-03-23-11-58-10am,1458705490442,1458705490365,2016-03-23-11-58-10am,network,1.3550394,103.8668554,40.5,-1.0,-1.0,-1.0
2016-03-23-11-58-25am,1458705505594,1458705505000,2016-03-23-11-58-25am,gps,1.3541929,103.8680411,19.0,29.399999618530273,171.4,9.25
2016-03-23-11-58-44am,1458705524611,1458705524000,2016-03-23-11-58-44am,gps,1.35357064,103.86807049,9.0,25.200000762939453,161.9,0.5
2016-03-23-11-58-50am,1458705530457,1458705530415,2016-03-23-11-58-50am,network,1.3552619,103.8675431,40.5,-1.0,-1.0,-1.0
2016-03-23-11-59-04am,1458705544161,1458705542969,2016-03-23-11-59-02am,gps,1.35364272,103.8680776,9.0,17.600000381469727,306.6,0.25
2016-03-23-11-59-14am,1458705554372,1458705552789,2016-03-23-11-59-12am,gps,1.35343506,103.86801353,6.0,18.899999618530273,204.7,2.0
2016-03-23-11-59-25am,1458705565618,1458705565000,2016-03-23-11-59-25am,gps,1.35213782,103.86897482,12.0,18.100000381469727,114.3,11.75
2016-03-23-11-59-30am,1458705570931,1458705570740,2016-03-23-11-59-30am,network,1.353514,103.8680857,30.0,-1.0,-1.0,-1.0
2016-03-23-11-59-44am,1458705584645,1458705584000,2016-03-23-11-59-44am,gps,1.35117332,103.87060823,13.0,21.200000762939453,103.0,8.0
2016-03-23-11-59-50am,1458705590771,1458705590650,2016-03-23-11-59-50am,network,1.3534625,103.8681275,30.0,-1.0,-1.0,-1.0
2016-03-23-12-00-10pm,1458705610658,1458705610611,2016-03-23-12-00-10pm,network,1.3534625,103.8681275,30.0,-1.0,-1.0,-1.0
2016-03-23-12-00-24pm,1458705624603,1458705624000,2016-03-23-12-00-24pm,gps,1.35100545,103.87102009,7.0,21.600000381469727,167.0,0.5
2016-03-23-12-00-35pm,1458705635598,1458705635000,2016-03-23-12-00-35pm,gps,1.35095379,103.87112459,16.0,19.399999618530273,172.5,0.25
2016-03-23-12-00-50pm,1458705650772,1458705650714,2016-03-23-12-00-50pm,network,1.3509606,103.8707693,39.0,-1.0,-1.0,-1.0
2016-03-23-12-01-04pm,1458705664598,1458705664000,2016-03-23-12-01-04pm,gps,1.35075901,103.87123074,12.0,24.0,141.2,0.5
2016-03-23-12-01-30pm,1458705690793,1458705689943,2016-03-23-12-01-29pm,network,1.3520064,103.8714474,1299.999,-1.0,-1.0,-1.0
2016-03-23-12-01-50pm,1458705710810,1458705710757,2016-03-23-12-01-50pm,network,1.3506209,103.8711252,82.217,-1.0,-1.0,-1.0
2016-03-23-12-02-16pm,1458705736850,1458705730970,2016-03-23-12-02-10pm,network,1.3510209,103.8718355,162.589,-1.0,-1.0,-1.0
2016-03-23-12-02-30pm,1458705750961,1458705750904,2016-03-23-12-02-30pm,network,1.3510307,103.8718591,80.852,-1.0,-1.0,-1.0
2016-03-23-12-02-51pm,1458705771156,1458705771088,2016-03-23-12-02-51pm,network,1.3510247,103.8718655,80.798,-1.0,-1.0,-1.0
2016-03-23-12-03-11pm,1458705791157,1458705791108,2016-03-23-12-03-11pm,network,1.351081,103.8719041,76.866,-1.0,-1.0,-1.0
2016-03-23-12-03-31pm,1458705811214,1458705811169,2016-03-23-12-03-31pm,network,1.3511026,103.8719985,28.899,-1.0,-1.0,-1.0
2016-03-23-12-03-51pm,1458705831296,1458705831264,2016-03-23-12-03-51pm,network,1.3511026,103.8719985,28.899,-1.0,-1.0,-1.0
2016-03-23-12-04-22pm,1458705862888,1458705851264,2016-03-23-12-04-11pm,network,1.3510752,103.8723194,51.842,-1.0,-1.0,-1.0
2016-03-23-12-04-31pm,1458705871310,1458705871232,2016-03-23-12-04-31pm,network,1.3510006,103.8724324,45.379,-1.0,-1.0,-1.0
2016-03-23-12-04-51pm,1458705891385,1458705891305,2016-03-23-12-04-51pm,network,1.3509662,103.8725088,52.102,-1.0,-1.0,-1.0
2016-03-23-12-05-11pm,1458705911391,1458705911336,2016-03-23-12-05-11pm,network,1.3508287,103.8726015,60.51,-1.0,-1.0,-1.0
2016-03-23-12-05-31pm,1458705931255,1458705931216,2016-03-23-12-05-31pm,network,1.3504799,103.8726932,9.102,-1.0,-1.0,-1.0
