2016-03-23-9-48-47am,1458697727740,5.000305,3
2016-03-23-9-49-31am,1458697771686,0.0,3
2016-03-23-9-49-35am,1458697775105,5.000305,3
2016-03-23-9-53-23am,1458698003931,0.0,3
2016-03-23-9-53-23am,1458698003935,5.000305,3
2016-03-23-10-19-47am,1458699587557,0.0,3
2016-03-23-10-19-51am,1458699591260,5.000305,3
2016-03-23-10-28-49am,1458700129591,0.0,3
2016-03-23-10-28-50am,1458700130119,5.000305,3
2016-03-23-10-29-14am,1458700154157,0.0,3
2016-03-23-10-29-15am,1458700155353,5.000305,3
2016-03-23-10-30-14am,1458700214478,0.0,3
2016-03-23-10-30-15am,1458700215073,5.000305,3
2016-03-23-10-30-16am,1458700216290,0.0,3
2016-03-23-10-30-18am,1458700218058,5.000305,3
2016-03-23-10-30-18am,1458700218304,0.0,3
2016-03-23-10-30-58am,1458700258789,5.000305,3
2016-03-23-10-30-59am,1458700259800,0.0,3
2016-03-23-10-31-02am,1458700262214,5.000305,3
2016-03-23-10-31-02am,1458700262992,0.0,3
2016-03-23-10-31-02am,1458700262996,5.000305,3
2016-03-23-10-31-07am,1458700267248,0.0,3
2016-03-23-10-31-07am,1458700267252,5.000305,3
2016-03-23-10-31-08am,1458700268053,0.0,3
2016-03-23-10-31-08am,1458700268458,5.000305,3
2016-03-23-10-31-09am,1458700269058,0.0,3
2016-03-23-10-31-43am,1458700303709,5.000305,3
2016-03-23-10-31-47am,1458700307337,0.0,3
2016-03-23-10-31-47am,1458700307536,5.000305,3
2016-03-23-10-31-52am,1458700312188,0.0,3
2016-03-23-10-31-53am,1458700313176,5.000305,3
2016-03-23-10-35-49am,1458700549459,0.0,3
2016-03-23-10-36-03am,1458700563661,5.000305,3
2016-03-23-10-36-07am,1458700567997,0.0,3
2016-03-23-10-36-11am,1458700571818,5.000305,3
2016-03-23-10-36-13am,1458700573169,0.0,3
2016-03-23-10-36-14am,1458700574648,5.000305,3
2016-03-23-10-36-23am,1458700583663,0.0,3
2016-03-23-10-36-23am,1458700583742,5.000305,3
2016-03-23-10-36-27am,1458700587332,0.0,3
2016-03-23-10-36-29am,1458700589343,5.000305,3
2016-03-23-10-43-13am,1458700993623,0.0,3
2016-03-23-10-43-14am,1458700994024,5.000305,3
2016-03-23-10-43-14am,1458700994029,0.0,3
2016-03-23-10-43-14am,1458700994633,5.000305,3
2016-03-23-10-49-11am,1458701351768,0.0,3
2016-03-23-10-49-11am,1458701351803,5.000305,3
2016-03-23-10-50-40am,1458701440604,0.0,3
2016-03-23-10-50-40am,1458701440608,5.000305,3
2016-03-23-10-50-42am,1458701442418,0.0,3
2016-03-23-10-50-49am,1458701449467,5.000305,3
2016-03-23-10-52-01am,1458701521984,0.0,3
2016-03-23-10-52-01am,1458701521990,5.000305,3
2016-03-23-10-52-26am,1458701546382,0.0,3
2016-03-23-10-52-41am,1458701561743,5.000305,3
2016-03-23-10-53-05am,1458701585802,0.0,3
2016-03-23-10-53-05am,1458701585839,5.000305,3
2016-03-23-10-53-21am,1458701601393,0.0,3
2016-03-23-10-53-21am,1458701601838,5.000305,3
2016-03-23-10-55-46am,1458701746148,0.0,3
2016-03-23-10-55-46am,1458701746155,5.000305,3
2016-03-23-11-03-56am,1458702236761,0.0,3
2016-03-23-11-03-57am,1458702237425,5.000305,3
2016-03-23-11-04-00am,1458702240375,0.0,3
2016-03-23-11-04-02am,1458702242512,5.000305,3
2016-03-23-11-05-22am,1458702322809,0.0,3
2016-03-23-11-05-24am,1458702324305,5.000305,3
2016-03-23-11-05-57am,1458702357236,0.0,3
2016-03-23-11-05-59am,1458702359757,5.000305,3
2016-03-23-11-06-00am,1458702360056,0.0,3
2016-03-23-11-06-04am,1458702364580,5.000305,3
2016-03-23-11-06-20am,1458702380318,0.0,3
2016-03-23-11-06-20am,1458702380620,5.000305,3
2016-03-23-11-06-25am,1458702385034,0.0,3
2016-03-23-11-06-29am,1458702389784,5.000305,3
2016-03-23-11-06-31am,1458702391641,0.0,3
2016-03-23-11-06-34am,1458702394975,5.000305,3
2016-03-23-11-06-53am,1458702413143,0.0,3
2016-03-23-11-06-53am,1458702413961,5.000305,3
2016-03-23-11-08-01am,1458702481178,0.0,3
2016-03-23-11-08-01am,1458702481542,5.000305,3
2016-03-23-11-25-47am,1458703547009,0.0,3
2016-03-23-11-25-48am,1458703548428,5.000305,3
2016-03-23-11-37-18am,1458704238126,0.0,3
2016-03-23-11-37-18am,1458704238129,5.000305,3
2016-03-23-11-40-19am,1458704419212,0.0,3
2016-03-23-11-40-20am,1458704420018,5.000305,3
2016-03-23-11-41-33am,1458704493887,0.0,3
2016-03-23-11-41-36am,1458704496970,5.000305,3
2016-03-23-11-42-58am,1458704578966,0.0,3
2016-03-23-11-43-00am,1458704580579,5.000305,3
2016-03-23-11-43-04am,1458704584795,0.0,3
2016-03-23-11-43-04am,1458704584798,5.000305,3
2016-03-23-11-43-11am,1458704591040,0.0,3
2016-03-23-11-43-11am,1458704591044,5.000305,3
2016-03-23-11-43-12am,1458704592046,0.0,3
2016-03-23-11-43-12am,1458704592049,5.000305,3
2016-03-23-11-43-12am,1458704592191,0.0,3
2016-03-23-11-43-13am,1458704593055,5.000305,3
2016-03-23-11-43-25am,1458704605950,0.0,3
2016-03-23-11-43-26am,1458704606007,5.000305,3
2016-03-23-11-43-46am,1458704626188,0.0,3
2016-03-23-11-43-46am,1458704626201,5.000305,3
2016-03-23-11-43-55am,1458704635556,0.0,3
2016-03-23-11-43-57am,1458704637172,5.000305,3
2016-03-23-11-43-58am,1458704638171,0.0,3
2016-03-23-11-43-58am,1458704638179,5.000305,3
2016-03-23-11-44-03am,1458704643417,0.0,3
2016-03-23-11-44-04am,1458704644033,5.000305,3
2016-03-23-11-44-05am,1458704645226,0.0,3
2016-03-23-11-44-05am,1458704645629,5.000305,3
2016-03-23-11-44-06am,1458704646637,0.0,3
2016-03-23-11-44-10am,1458704650060,5.000305,3
2016-03-23-11-44-10am,1458704650065,0.0,3
2016-03-23-11-44-10am,1458704650665,5.000305,3
2016-03-23-11-44-16am,1458704656102,0.0,3
2016-03-23-11-44-16am,1458704656509,5.000305,3
2016-03-23-11-44-21am,1458704661543,0.0,3
2016-03-23-11-44-22am,1458704662089,5.000305,3
2016-03-23-11-44-26am,1458704666216,0.0,3
2016-03-23-11-44-26am,1458704666578,5.000305,3
2016-03-23-11-44-32am,1458704672020,0.0,3
2016-03-23-11-44-32am,1458704672031,5.000305,3
2016-03-23-11-44-34am,1458704674835,0.0,3
2016-03-23-11-44-35am,1458704675240,5.000305,3
2016-03-23-11-44-38am,1458704678668,0.0,3
2016-03-23-11-44-41am,1458704681887,5.000305,3
2016-03-23-11-44-43am,1458704683113,0.0,3
2016-03-23-11-44-43am,1458704683301,5.000305,3
2016-03-23-11-44-44am,1458704684533,0.0,3
2016-03-23-11-44-45am,1458704685311,5.000305,3
2016-03-23-11-44-46am,1458704686295,0.0,3
2016-03-23-11-44-50am,1458704690149,5.000305,3
2016-03-23-11-44-50am,1458704690549,0.0,3
2016-03-23-11-44-50am,1458704690952,5.000305,3
2016-03-23-11-45-02am,1458704702232,0.0,3
2016-03-23-11-45-03am,1458704703444,5.000305,3
2016-03-23-11-47-40am,1458704860030,0.0,3
2016-03-23-11-47-40am,1458704860291,5.000305,3
2016-03-23-11-47-57am,1458704877382,0.0,3
2016-03-23-11-47-59am,1458704879086,5.000305,3
2016-03-23-11-48-32am,1458704912001,0.0,3
2016-03-23-11-48-32am,1458704912392,5.000305,3
2016-03-23-11-49-07am,1458704947775,0.0,3
2016-03-23-11-49-07am,1458704947779,5.000305,3
2016-03-23-11-49-07am,1458704947796,0.0,3
2016-03-23-11-49-08am,1458704948126,5.000305,3
2016-03-23-11-49-08am,1458704948607,0.0,3
2016-03-23-11-49-08am,1458704948630,5.000305,3
2016-03-23-11-49-19am,1458704959576,0.0,3
2016-03-23-11-49-19am,1458704959890,5.000305,3
2016-03-23-11-49-23am,1458704963802,0.0,3
2016-03-23-11-49-26am,1458704966162,5.000305,3
2016-03-23-11-49-37am,1458704977185,0.0,3
2016-03-23-11-49-37am,1458704977188,5.000305,3
2016-03-23-11-49-48am,1458704988638,0.0,3
2016-03-23-11-49-48am,1458704988640,5.000305,3
2016-03-23-11-49-51am,1458704991898,0.0,3
2016-03-23-11-49-52am,1458704992070,5.000305,3
2016-03-23-11-49-54am,1458704994233,0.0,3
2016-03-23-11-49-55am,1458704995324,5.000305,3
2016-03-23-11-49-57am,1458704997538,0.0,3
2016-03-23-11-49-57am,1458704997610,5.000305,3
2016-03-23-11-49-57am,1458704997870,0.0,3
2016-03-23-11-49-58am,1458704998264,5.000305,3
2016-03-23-11-49-59am,1458704999360,0.0,3
2016-03-23-11-49-59am,1458704999874,5.000305,3
2016-03-23-11-50-03am,1458705003372,0.0,3
2016-03-23-11-50-03am,1458705003375,5.000305,3
2016-03-23-11-50-23am,1458705023241,0.0,3
2016-03-23-11-50-23am,1458705023725,5.000305,3
2016-03-23-11-50-24am,1458705024914,0.0,3
2016-03-23-11-50-26am,1458705026181,5.000305,3
2016-03-23-11-50-28am,1458705028893,0.0,3
2016-03-23-11-50-28am,1458705028898,5.000305,3
2016-03-23-11-50-38am,1458705038957,0.0,3
2016-03-23-11-50-39am,1458705039852,5.000305,3
2016-03-23-11-50-44am,1458705044192,0.0,3
2016-03-23-11-50-44am,1458705044792,5.000305,3
2016-03-23-11-50-47am,1458705047534,0.0,3
2016-03-23-11-50-47am,1458705047796,5.000305,3
2016-03-23-11-51-09am,1458705069058,0.0,3
2016-03-23-11-51-09am,1458705069454,5.000305,3
2016-03-23-11-51-23am,1458705083743,0.0,3
2016-03-23-11-51-23am,1458705083745,5.000305,3
2016-03-23-11-51-23am,1458705083770,0.0,3
2016-03-23-11-51-24am,1458705084582,5.000305,3
2016-03-23-11-52-17am,1458705137535,0.0,3
2016-03-23-11-52-24am,1458705144582,5.000305,3
2016-03-23-11-52-24am,1458705144585,0.0,3
2016-03-23-11-52-25am,1458705145388,5.000305,3
2016-03-23-11-52-26am,1458705146188,0.0,3
2016-03-23-11-52-29am,1458705149114,5.000305,3
2016-03-23-12-02-39pm,1458705759737,0.0,3
2016-03-23-12-02-40pm,1458705760946,5.000305,3
2016-03-23-12-03-06pm,1458705786575,0.0,3
2016-03-23-12-03-08pm,1458705788781,5.000305,3
